SPK07a	num1areaSel	num1perimSel	num1radSel	num1sel	num2areaSel	num2perimSel	num2radSel	num2sel	num3areaSel	num3perimSel	num3radSel	num3sel	num4areaSel	num4perimSel	num4radSel	num4sel	num5areaSel	num5perimSel	num5radSel	num5sel	numAllSel
1.077775	43.957100	96.487100	108.988000	43.957100	71.473100	184.032000	93.986100	71.473100	88.969100	121.488000	111.489000	88.969100	189.035000	38.940100	36.438100	36.438100	21.437100	63.968100	234.068000	21.437100	21.437100
1.545025	91.485100	206.552000	149.018000	91.485100	81.472100	414.160000	101.470000	81.472100	103.985000	186.533000	204.051000	103.985000	194.031000	129.000000	139.005000	38.940100	83.973100	98.989100	336.615000	63.968100	36.438100
1.897550	284.098000	241.566000	236.563000	96.487100	199.034000	476.711000	106.486000	93.986100	171.518000	209.047000	239.064000	111.489000	201.549000	249.063000	181.530000	129.000000	174.019000	191.536000	429.162000	83.973100	38.940100
3.538475	389.146000	244.067000	354.132000	108.988000	211.548000	484.208000	329.110000	101.470000	271.583000	324.114000	321.613000	121.488000	274.085000	331.612000	196.532000	139.005000	179.036000	286.585000	616.786000	98.989100	43.957100
4.846975	444.178000	246.569000	369.127000	149.018000	224.049000	486.710000	371.642000	106.486000	359.128000	404.161000	344.133000	171.518000	279.081000	366.632000	424.180000	181.530000	276.579000	289.101000	621.776000	174.019000	63.968100
5.431225	494.207000	291.595000	461.695000	206.552000	269.082000	631.788000	376.645000	184.032000	374.144000	426.675000	346.628000	186.533000	294.097000	381.648000	454.191000	189.035000	361.629000	319.111000	629.287000	179.036000	71.473100
8.668900	526.727000	341.632000	471.708000	236.563000	281.582000	699.335000	549.240000	199.034000	379.147000	431.678000	459.194000	204.051000	349.129000	496.709000	474.210000	194.031000	384.143000	326.616000	634.304000	191.536000	81.472100
9.514400	531.723000	364.131000	509.209000	241.566000	296.598000	719.340000	564.256000	211.548000	409.164000	491.706000	539.241000	209.047000	481.707000	574.255000	479.213000	196.532000	406.663000	489.211000	704.338000	234.068000	83.973100
9.628675	544.244000	386.644000	529.242000	244.067000	334.113000	729.353000	604.272000	224.049000	809.400000	561.754000	576.756000	239.064000	521.724000	666.823000	589.270000	201.549000	466.691000	611.790000	746.870000	276.579000	88.969100
10.002150	569.259000	411.659000	536.725000	246.569000	339.116000	881.935000	651.807000	269.082000	831.920000	579.257000	624.291000	271.583000	556.744000	671.819000	591.772000	249.063000	511.725000	679.323000	819.399000	286.585000	91.485100
10.403575	601.771000	456.692000	546.738000	284.098000	391.661000	901.947000	656.803000	281.582000	846.915000	636.791000	701.836000	321.613000	566.757000	889.447000	609.275000	274.085000	551.741000	686.821000	869.435000	289.101000	93.986100
11.323675	619.288000	464.190000	554.243000	291.595000	534.238000	1002.010000	674.320000	296.598000	854.419000	706.839000	754.367000	324.114000	714.337000	999.512000	689.322000	279.081000	559.260000	726.851000	916.963000	319.111000	96.487100
11.530025	796.886000	469.193000	669.324000	341.632000	541.742000	1044.530000	709.334000	329.110000	864.432000	844.420000	824.402000	344.133000	761.872000	1039.530000	751.866000	294.097000	599.276000	749.371000	1084.550000	326.616000	98.989100
11.845625	826.917000	571.760000	696.841000	354.132000	759.370000		814.403000	334.113000	1007.020000	851.918000	886.952000	346.628000	884.451000		756.869000	331.612000	606.774000	821.900000	1097.060000	336.615000	101.470000
12.103650	834.414000	694.339000	816.904000	364.131000	841.919000		929.463000	339.116000		934.466000	1077.040000	359.128000	914.462000		786.887000	349.129000	626.792000	866.934000		361.629000	103.985000
12.306450	871.930000	711.835000	839.417000	369.127000	989.499000		1042.030000	371.642000		976.998000		374.144000	931.965000		811.901000	366.632000	639.307000	909.466000		384.143000	106.486000
12.477175	944.479000	764.366000	874.431000	386.644000	1004.520000		1047.030000	376.645000		997.010000		379.147000	1009.510000		1082.050000	381.648000	676.822000	1054.530000		406.663000	108.988000
12.479725	992.014000	836.916000		389.146000				391.661000		1052.030000		404.161000				424.180000	784.385000			429.162000	111.489000
12.634800		906.950000		411.659000				414.160000				409.164000				454.191000	849.416000			466.691000	121.488000
13.695575		1037.030000		444.178000				476.711000				426.675000				474.210000				489.211000	129.000000
14.476725				456.692000				484.208000				431.678000				479.213000				511.725000	139.005000
14.703875				461.695000				486.710000				459.194000				481.707000				551.741000	149.018000
14.737100				464.190000				534.238000				491.706000				496.709000				559.260000	171.518000
14.914425				469.193000				541.742000				539.241000				521.724000				599.276000	174.019000
16.177875				471.708000				549.240000				561.754000				556.744000				606.774000	179.036000
17.259450				494.207000				564.256000				576.756000				566.757000				611.790000	181.530000
17.808800				509.209000				604.272000				579.257000				574.255000				616.786000	184.032000
19.333550				526.727000				631.788000				624.291000				589.270000				621.776000	186.533000
19.992100				529.242000				651.807000				636.791000				591.772000				626.792000	189.035000
20.815625				531.723000				656.803000				701.836000				609.275000				629.287000	191.536000
21.589500				536.725000				674.320000				706.839000				666.823000				634.304000	194.031000
23.913200				544.244000				699.335000				754.367000				671.819000				639.307000	196.532000
25.516750				546.738000				709.334000				809.400000				689.322000				676.822000	199.034000
26.324625				554.243000				719.340000				824.402000				714.337000				679.323000	201.549000
27.165625				569.259000				729.353000				831.920000				751.866000				686.821000	204.051000
27.610000				571.760000				759.370000				844.420000				756.869000				704.338000	206.552000
27.720575				601.771000				814.403000				846.915000				761.872000				726.851000	209.047000
27.945575				619.288000				841.919000				851.918000				786.887000				746.870000	211.548000
28.463200				669.324000				881.935000				854.419000				811.901000				749.371000	224.049000
28.536675				694.339000				901.947000				864.432000				884.451000				784.385000	234.068000
28.546900				696.841000				929.463000				886.952000				889.447000				819.399000	236.563000
30.223850				711.835000				989.499000				934.466000				914.462000				821.900000	239.064000
32.672075				764.366000				1002.010000				976.998000				931.965000				849.416000	241.566000
33.239200				796.886000				1004.520000				997.010000				999.512000				866.934000	244.067000
33.500800				816.904000				1042.030000				1007.020000				1009.510000				869.435000	246.569000
33.562800				826.917000				1044.530000				1052.030000				1039.530000				909.466000	249.063000
33.615625				834.414000				1047.030000				1077.040000				1082.050000				916.963000	269.082000
33.680450				836.916000																1054.530000	271.583000
33.714700				839.417000																1084.550000	274.085000
34.060500				871.930000																1097.060000	276.579000
34.746300				874.431000																	279.081000
34.896075				906.950000																	281.582000
35.908075				944.479000																	284.098000
37.680025				992.014000																	286.585000
39.344100				1037.030000																	289.101000
40.592200																					291.595000
41.676150																					294.097000
44.009525																					296.598000
44.094475																					319.111000
44.568175																					321.613000
45.018375																					324.114000
45.425725																					326.616000
45.693750																					329.110000
47.438975																					331.612000
50.692900																					334.113000
51.199375																					336.615000
55.364575																					339.116000
57.063325																					341.632000
57.358825																					344.133000
58.031050																					346.628000
59.778450																					349.129000
60.154575																					354.132000
60.957875																					359.128000
61.069525																					361.629000
62.123625																					364.131000
62.533775																					366.632000
63.168225																					369.127000
64.832400																					371.642000
68.663075																					374.144000
69.582525																					376.645000
70.130650																					379.147000
70.541400																					381.648000
70.625800																					384.143000
72.287325																					386.644000
72.968675																					389.146000
74.008925																					391.661000
74.180450																					404.161000
74.553150																					406.663000
74.568000																					409.164000
74.748250																					411.659000
75.680975																					414.160000
76.571575																					424.180000
77.396600																					426.675000
79.036350																					429.162000
80.904225																					431.678000
80.995550																					444.178000
82.529975																					454.191000
82.864700																					456.692000
83.996075																					459.194000
84.062300																					461.695000
84.534400																					464.190000
85.114425																					466.691000
85.134575																					469.193000
85.736400																					471.708000
88.570625																					474.210000
89.008375																					476.711000
89.369675																					479.213000
90.033625																					481.707000
90.051225																					484.208000
90.130850																					486.710000
90.370100																					489.211000
90.837750																					491.706000
90.920450																					494.207000
91.002400																					496.709000
92.162375																					509.209000
92.275325																					511.725000
93.292275																					521.724000
94.009150																					526.727000
95.052125																					529.242000
95.806475																					531.723000
97.434200																					534.238000
97.440750																					536.725000
97.610975																					539.241000
98.006325																					541.742000
98.046800																					544.244000
101.237675																					546.738000
101.302300																					549.240000
103.268675																					551.741000
107.349575																					554.243000
107.563700																					556.744000
107.675250																					559.260000
107.794350																					561.754000
108.008900																					564.256000
108.258325																					566.757000
110.507025																					569.259000
110.942200																					571.760000
112.158000																					574.255000
115.005200																					576.756000
116.669650																					579.257000
117.263625																					589.270000
117.341250																					591.772000
117.564825																					599.276000
118.306875																					601.771000
118.656375																					604.272000
119.634925																					606.774000
122.304825																					609.275000
122.937475																					611.790000
127.240100																					616.786000
127.843950																					619.288000
128.720900																					621.776000
129.811350																					624.291000
130.526275																					626.792000
130.986475																					629.287000
131.357475																					631.788000
131.750900																					634.304000
132.507050																					636.791000
132.639400																					639.307000
132.695825																					651.807000
133.892250																					656.803000
134.723075																					666.823000
136.342100																					669.324000
137.298825																					671.819000
137.847950																					674.320000
138.607800																					676.822000
139.785200																					679.323000
141.934675																					686.821000
142.121900																					689.322000
142.259225																					694.339000
142.268975																					696.841000
142.399500																					699.335000
144.203000																					701.836000
145.952375																					704.338000
146.531325																					706.839000
150.010625																					709.334000
150.766700																					711.835000
151.974850																					714.337000
152.127425																					719.340000
152.217600																					726.851000
159.933225																					729.353000
161.504900																					746.870000
162.436575																					749.371000
164.048050																					751.866000
166.044500																					754.367000
166.361325																					756.869000
166.370250																					759.370000
167.199175																					761.872000
167.735900																					764.366000
168.134625																					784.385000
170.122125																					786.887000
170.249350																					796.886000
171.289750																					809.400000
171.553400																					811.901000
171.805400																					814.403000
171.886500																					816.904000
173.028475																					819.399000
174.299300																					821.900000
174.776700																					824.402000
175.309600																					826.917000
175.791625																					831.920000
175.916975																					834.414000
176.055025																					836.916000
176.069625																					839.417000
176.333850																					841.919000
176.638150																					844.420000
176.995525																					846.915000
177.000775																					849.416000
177.281850																					851.918000
177.286750																					854.419000
177.433450																					864.432000
177.548725																					866.934000
177.607575																					869.435000
177.678550																					871.930000
177.708900																					874.431000
178.309375																					881.935000
178.483000																					884.451000
179.048050																					886.952000
179.806950																					889.447000
180.607250																					901.947000
180.812050																					906.950000
181.210050																					909.466000
182.127675																					914.462000
182.453525																					916.963000
183.910500																					929.463000
183.968250																					931.965000
184.351325																					934.466000
185.126625																					944.479000
185.679400																					976.998000
185.707500																					989.499000
185.817700																					992.014000
186.089250																					997.010000
186.190175																					999.512000
186.834725																					1002.010000
187.269450																					1004.520000
187.377300																					1007.020000
187.493650																					1009.510000
188.051400																					1037.030000
188.170600																					1039.530000
189.869475																					1042.030000
191.482375																					1044.530000
192.143000																					1047.030000
192.278675																					1052.030000
192.449550																					1054.530000
192.513075																					1077.040000
192.906850																					1082.050000
193.804100																					1084.550000
195.367700																					1097.060000
196.450225																					
196.508025																					
196.574875																					
197.389600																					
198.372650																					
198.781250																					
199.494375																					
200.037000																					
200.526800																					
200.780375																					
202.005100																					
202.032425																					
203.467800																					
205.441900																					
206.013650																					
209.615400																					
210.579900																					
210.637075																					
211.986175																					
212.239000																					
213.279050																					
213.792650																					
214.086775																					
214.826050																					
214.862050																					
215.045025																					
215.059900																					
215.285425																					
215.623475																					
215.956300																					
216.316425																					
216.805325																					
217.473975																					
218.022200																					
218.616500																					
219.471075																					
220.343625																					
220.657775																					
220.812075																					
221.692725																					
222.325800																					
222.662500																					
223.186150																					
223.512875																					
223.857000																					
224.076750																					
224.355925																					
225.291625																					
225.722750																					
226.544050																					
227.254950																					
227.918375																					
228.590800																					
228.987575																					
229.196975																					
229.709225																					
230.283700																					
230.420350																					
230.614650																					
231.028800																					
231.225350																					
231.643825																					
231.849900																					
232.180000																					
232.382675																					
232.572125																					
232.648200																					
232.653150																					
232.667650																					
232.755875																					
233.435375																					
233.745725																					
235.637800																					
235.747875																					
235.798700																					
236.334250																					
237.922050																					
238.471500																					
238.940925																					
239.506950																					
239.878550																					
239.938650																					
241.206225																					
242.090125																					
242.118025																					
243.639625																					
243.644625																					
243.659800																					
243.870150																					
243.874500																					
243.966050																					
244.780300																					
245.483825																					
245.708825																					
247.751550																					
248.060725																					
248.468800																					
248.478525																					
249.765000																					
250.577150																					
250.670675																					
251.629700																					
252.004750																					
252.007975																					
252.262325																					
252.409975																					
252.653375																					
255.942625																					
258.967850																					
259.657875																					
260.283975																					
260.295675																					
260.339475																					
260.351200																					
261.469550																					
261.709875																					
262.821275																					
264.136125																					
264.386000																					
265.184450																					
266.957725																					
267.459000																					
268.187300																					
268.270575																					
268.487175																					
268.973250																					
270.227000																					
270.321575																					
270.463575																					
270.845350																					
270.963075																					
271.054400																					
271.107625																					
271.203550																					
271.438550																					
271.546425																					
271.600125																					
272.504025																					
272.537650																					
272.678200																					
272.702600																					
273.055200																					
273.110875																					
273.196325																					
273.514150																					
273.655850																					
273.793075																					
273.910325																					
273.996125																					
274.367175																					
274.916500																					
275.412200																					
275.439375																					
275.481575																					
278.363225																					
278.651825																					
278.652825																					
278.779700																					
278.983725																					
279.421050																					
280.749450																					
280.881950																					
280.905825																					
281.640150																					
281.991975																					
282.313500																					
282.552150																					
283.100250																					
283.111725																					
283.457775																					
283.681175																					
283.767700																					
283.894275																					
284.507100																					
284.968025																					
285.032225																					
285.125000																					
285.453350																					
285.614975																					
286.093450																					
287.480650																					
287.501825																					
288.527750																					
288.678150																					
288.802775																					
289.460500																					
290.087225																					
290.274750																					
290.331250																					
290.448950																					
291.118925																					
291.140325																					
291.543775																					
292.040800																					
292.555000																					
292.616050																					
293.719975																					
295.924175																					
297.436175																					
297.535800																					
298.880075																					
299.663175																					
300.059400																					
301.286575																					
301.778300																					
302.294875																					
302.558125																					
304.442325																					
304.950850																					
305.389350																					
305.648775																					
305.955200																					
306.278350																					
307.362625																					
307.435025																					
308.628175																					
309.547375																					
309.579900																					
309.901325																					
309.905825																					
310.148250																					
310.633100																					
310.739525																					
310.756925																					
310.760550																					
311.989300																					
312.248925																					
312.504150																					
312.850150																					
313.143650																					
313.477175																					
313.735375																					
315.303975																					
315.670350																					
315.705125																					
315.780900																					
316.302950																					
317.388650																					
318.181725																					
318.293300																					
318.704975																					
318.781300																					
318.976675																					
319.224675																					
319.232725																					
319.537475																					
319.699900																					
320.860425																					
321.025125																					
321.141250																					
321.611075																					
322.172925																					
322.206150																					
322.965800																					
324.042150																					
324.723800																					
325.017100																					
325.639150																					
325.760875																					
327.660675																					
327.666125																					
327.738550																					
328.006475																					
328.245125																					
328.279325																					
329.229050																					
330.234000																					
331.004900																					
331.606175																					
331.830800																					
332.642750																					
332.645075																					
332.833600																					
332.884625																					
333.197850																					
333.552500																					
333.968375																					
334.058750																					
335.045700																					
335.816375																					
335.912425																					
336.408175																					
336.522825																					
336.615725																					
337.664100																					
338.013075																					
339.076800																					
340.067125																					
341.498625																					
341.860050																					
343.607025																					
343.839025																					
344.023800																					
344.179500																					
344.204975																					
344.382625																					
344.426875																					
344.613100																					
344.689800																					
346.368050																					
346.867150																					
349.178375																					
349.870275																					
349.921425																					
350.010350																					
350.052475																					
350.148525																					
350.505075																					
350.656375																					
352.640325																					
352.802700																					
353.041600																					
353.169950																					
353.278075																					
354.127675																					
354.629200																					
355.588550																					
358.181750																					
359.813100																					
360.039775																					
360.224350																					
361.119175																					
361.310300																					
361.494475																					
361.996875																					
362.040550																					
364.278925																					
365.833700																					
366.028875																					
366.545700																					
366.574950																					
366.891200																					
366.926025																					
367.276225																					
369.056925																					
369.231550																					
369.329425																					
369.766075																					
369.886900																					
370.733475																					
371.102225																					
372.723525																					
373.696475																					
373.926100																					
374.174250																					
375.570450																					
376.003275																					
377.180475																					
377.221300																					
378.023125																					
378.374750																					
378.889850																					
382.008925																					
383.481300																					
383.568600																					
383.756350																					
383.859675																					
383.887775																					
384.332550																					
384.609100																					
384.616275																					
384.991750																					
385.320375																					
386.298500																					
386.436350																					
387.498025																					
387.533600																					
387.601750																					
387.620250																					
387.762000																					
388.959225																					
389.884100																					
390.241400																					
390.507725																					
390.511525																					
390.559650																					
390.869675																					
391.243300																					
391.357450																					
391.804000																					
392.056125																					
392.431825																					
393.248050																					
393.745025																					
394.131375																					
394.929150																					
394.992950																					
395.621500																					
396.965650																					
398.282550																					
398.803225																					
399.028050																					
400.357000																					
400.787725																					
401.096525																					
401.562175																					
402.433450																					
402.489675																					
402.515750																					
402.812200																					
403.103400																					
405.610025																					
406.170525																					
406.714850																					
406.961525																					
407.411550																					
407.414075																					
407.505800																					
407.937850																					
408.813725																					
409.314400																					
409.759200																					
410.040675																					
411.383225																					
412.855750																					
413.005025																					
413.447475																					
413.545100																					
414.067775																					
414.190000																					
414.587100																					
414.752350																					
415.512300																					
415.847100																					
416.239700																					
417.751900																					
418.463150																					
418.468225																					
418.741250																					
419.153750																					
419.818200																					
420.302325																					
420.859225																					
421.810825																					
422.288600																					
423.052850																					
424.541800																					
424.911550																					
424.992525																					
425.009225																					
425.182475																					
425.633675																					
425.675625																					
427.234075																					
428.655750																					
428.785875																					
429.230725																					
429.666275																					
429.954025																					
432.046400																					
432.153350																					
432.261250																					
433.765700																					
434.025550																					
434.208150																					
434.278250																					
434.975825																					
435.331875																					
438.369375																					
439.344100																					
439.542600																					
440.370725																					
440.909925																					
441.600225																					
442.119850																					
443.397375																					
444.237375																					
445.343800																					
445.746325																					
445.782775																					
446.066775																					
446.123275																					
446.146075																					
446.311000																					
447.194650																					
447.683500																					
447.698225																					
448.377150																					
449.330050																					
449.349300																					
449.906000																					
450.309300																					
450.658875																					
450.691700																					
450.711575																					
450.886950																					
450.917425																					
452.210425																					
452.519100																					
455.333100																					
455.945175																					
456.171200																					
457.102775																					
457.271775																					
457.925300																					
458.683525																					
458.913150																					
459.190375																					
459.235200																					
459.308025																					
459.935150																					
460.146725																					
460.806725																					
462.317300																					
462.504200																					
462.532300																					
464.268175																					
464.461750																					
465.120825																					
467.712700																					
467.941550																					
469.109625																					
469.219300																					
470.927825																					
471.024425																					
471.058750																					
471.256275																					
472.417675																					
472.424975																					
472.779525																					
472.794775																					
473.250750																					
473.534000																					
474.356000																					
474.508725																					
475.824400																					
476.728800																					
476.986800																					
477.745075																					
478.487875																					
478.590725																					
479.294025																					
479.879800																					
480.415675																					
480.570225																					
480.832350																					
481.345300																					
481.822875																					
481.906050																					
482.151975																					
482.414325																					
482.705725																					
483.633925																					
484.951700																					
485.605850																					
485.877950																					
485.920600																					
487.679325																					
488.709375																					
489.227175																					
490.450500																					
491.303225																					
491.859375																					
492.106825																					
492.776325																					
493.441325																					
493.805125																					
494.027350																					
494.212375																					
494.781125																					
495.147025																					
496.055700																					
496.942850																					
496.956550																					
497.628925																					
498.505625																					
498.529050																					
500.105150																					
501.826400																					
502.143600																					
502.381450																					
502.535825																					
503.618125																					
503.851550																					
504.560100																					
504.656125																					
504.917675																					
504.981250																					
505.938075																					
506.079800																					
506.308925																					
506.869025																					
507.067975																					
507.169775																					
507.590325																					
507.676725																					
507.685575																					
507.770425																					
507.868825																					
508.169050																					
509.582875																					
510.659175																					
510.697825																					
511.009375																					
511.922450																					
512.212800																					
513.909225																					
518.163475																					
518.419975																					
518.428325																					
518.474775																					
519.085000																					
519.574375																					
519.623650																					
519.727150																					
519.886675																					
520.403725																					
520.777225																					
521.547775																					
521.580550																					
522.035475																					
522.754400																					
522.818075																					
523.401800																					
523.762625																					
525.203275																					
526.561000																					
527.010300																					
527.152000																					
528.286975																					
529.171600																					
529.433025																					
530.616400																					
531.936575																					
532.194975																					
534.039250																					
534.264675																					
534.948875																					
536.361925																					
537.735575																					
538.867000																					
539.020300																					
539.081575																					
539.435225																					
539.832300																					
540.993825																					
541.001025																					
542.590400																					
542.913025																					
543.370925																					
544.264075																					
545.150625																					
545.202300																					
545.355050																					
545.439350																					
545.482725																					
546.394825																					
546.732850																					
547.766550																					
548.410000																					
549.297450																					
550.909675																					
551.127600																					
551.320275																					
551.630750																					
551.680500																					
552.967000																					
553.681425																					
554.925400																					
556.396325																					
557.077050																					
557.352475																					
558.218850																					
559.097275																					
559.172775																					
559.277150																					
559.347450																					
559.460775																					
560.034425																					
562.588100																					
562.837900																					
562.862375																					
565.284875																					
565.565450																					
565.927950																					
565.972450																					
566.083725																					
566.622825																					
566.975475																					
567.491600																					
567.641050																					
567.982325																					
568.150425																					
568.813175																					
568.815050																					
568.939875																					
569.497500																					
570.271300																					
571.412700																					
571.747500																					
572.116925																					
572.989475																					
573.786225																					
573.982925																					
574.757075																					
576.495175																					
577.436875																					
579.154525																					
579.264725																					
579.819225																					
580.907975																					
581.232575																					
581.256700																					
582.162825																					
582.423725																					
582.559850																					
583.065400																					
583.514825																					
583.518850																					
583.559200																					
583.826475																					
583.921150																					
584.624925																					
584.707175																					
584.842200																					
585.129475																					
586.493350																					
587.771175																					
588.220700																					
588.830600																					
589.423875																					
589.788575																					
590.247500																					
590.667350																					
590.821700																					
591.623375																					
591.781050																					
592.061700																					
592.734600																					
593.562600																					
593.682175																					
593.766375																					
593.965125																					
596.398100																					
597.032175																					
597.521150																					
597.964475																					
598.353875																					
599.657850																					
599.866275																					
602.943400																					
603.142325																					
604.473100																					
604.568625																					
604.907875																					
605.630800																					
606.563150																					
607.198050																					
608.449550																					
609.946150																					
610.373050																					
610.676800																					
610.905625																					
611.785250																					
612.050850																					
612.068100																					
612.398475																					
612.867050																					
613.029600																					
613.511125																					
613.775925																					
613.863725																					
614.582475																					
616.076725																					
616.321800																					
616.674875																					
616.693025																					
616.711400																					
616.781350																					
617.424875																					
619.269600																					
619.294875																					
620.423575																					
621.007400																					
621.846450																					
621.883450																					
622.774500																					
624.623950																					
624.889550																					
625.996400																					
626.179550																					
626.609775																					
626.667475																					
626.680400																					
626.708250																					
626.715575																					
627.181250																					
628.453575																					
628.592975																					
629.046700																					
629.106325																					
629.324775																					
629.343075																					
630.834225																					
631.149400																					
631.644025																					
632.355450																					
632.359225																					
633.228075																					
633.530375																					
633.588425																					
634.135675																					
634.865025																					
635.449700																					
635.577975																					
635.801025																					
635.916275																					
636.091150																					
636.265900																					
636.347750																					
636.793225																					
637.487475																					
638.703525																					
639.489575																					
640.523425																					
640.576475																					
640.787675																					
641.171800																					
641.797450																					
641.922875																					
642.049600																					
642.214900																					
642.518975																					
643.542200																					
643.726375																					
644.261525																					
645.179225																					
647.790775																					
647.844750																					
648.295750																					
648.889850																					
649.459125																					
649.757825																					
649.800000																					
649.997325																					
650.325425																					
651.096550																					
651.251025																					
651.608050																					
651.937475																					
652.079375																					
652.996650																					
653.510100																					
653.767075																					
654.368825																					
654.385750																					
655.229650																					
655.860700																					
656.612050																					
656.831600																					
658.245975																					
658.292625																					
658.714700																					
658.794050																					
659.931250																					
660.086375																					
660.388525																					
660.446800																					
660.507100																					
660.593550																					
661.064500																					
661.326550																					
662.526450																					
662.679400																					
662.915450																					
663.094900																					
663.308850																					
663.690650																					
663.991500																					
664.046200																					
664.659325																					
664.677725																					
665.377325																					
665.469750																					
665.651275																					
665.654550																					
665.774375																					
666.593450																					
666.963775																					
667.060600																					
667.802650																					
668.098825																					
668.271600																					
668.365725																					
668.833350																					
669.853625																					
670.035800																					
670.310825																					
670.444600																					
670.587175																					
672.329625																					
672.674000																					
672.977825																					
673.800325																					
675.043050																					
675.314250																					
675.370475																					
675.458425																					
676.052350																					
676.671600																					
676.975675																					
677.353075																					
677.568800																					
677.862025																					
677.953275																					
677.960725																					
678.129400																					
679.061775																					
679.222050																					
679.365125																					
679.389250																					
679.498575																					
679.761850																					
679.957025																					
680.368025																					
680.579500																					
680.707300																					
681.097000																					
683.089850																					
683.400300																					
683.631225																					
685.417750																					
685.962575																					
686.412425																					
686.900175																					
687.265725																					
688.215475																					
688.706850																					
689.433775																					
689.874650																					
690.247650																					
691.544950																					
692.463925																					
692.470200																					
692.706200																					
693.426400																					
693.482650																					
693.539175																					
693.563650																					
693.710625																					
694.228425																					
695.426125																					
695.447750																					
695.509800																					
696.353200																					
696.551875																					
697.479400																					
698.390925																					
698.550325																					
699.556725																					
700.606500																					
700.735025																					
700.867150																					
700.975775																					
701.009050																					
701.090150																					
701.375450																					
701.716975																					
701.899750																					
702.236750																					
702.320875																					
703.425450																					
704.194125																					
704.406650																					
704.728775																					
705.601425																					
706.235925																					
706.348700																					
706.486425																					
706.509275																					
706.672900																					
706.818875																					
707.049425																					
707.057825																					
707.478550																					
707.943700																					
708.569625																					
709.574175																					
710.210125																					
710.551700																					
710.771425																					
711.330250																					
712.041100																					
713.500875																					
714.249175																					
714.414125																					
714.516975																					
715.467650																					
715.784050																					
716.024100																					
716.063275																					
717.847825																					
718.028775																					
718.066300																					
719.105175																					
719.107725																					
719.335275																					
719.779125																					
720.168600																					
720.223175																					
720.612925																					
720.792700																					
721.297350																					
721.444475																					
721.894775																					
722.352650																					
723.042600																					
724.631775																					
724.761250																					
725.020975																					
725.382150																					
726.231650																					
726.904950																					
726.914575																					
727.780175																					
728.009250																					
729.268675																					
730.439575																					
730.716375																					
731.865600																					
732.087300																					
732.325575																					
733.576100																					
733.888350																					
734.617450																					
735.324325																					
735.512325																					
735.523475																					
737.916500																					
738.826625																					
738.862550																					
739.702775																					
739.909275																					
740.101700																					
740.578600																					
741.154950																					
741.327225																					
741.749200																					
741.791250																					
742.234125																					
742.783725																					
743.260575																					
743.441400																					
743.735400																					
743.818000																					
745.238875																					
746.053675																					
746.192050																					
746.300550																					
746.475675																					
746.788800																					
746.940775																					
747.344675																					
747.666025																					
747.680150																					
748.928975																					
749.127575																					
749.272575																					
749.295775																					
750.112950																					
750.213925																					
750.727175																					
750.997650																					
751.123975																					
751.388175																					
751.796650																					
752.090900																					
752.825725																					
752.828025																					
752.840550																					
752.918550																					
753.324525																					
753.395650																					
753.741450																					
754.294725																					
754.628000																					
755.901450																					
757.054700																					
758.581925																					
758.729325																					
758.731900																					
759.170475																					
759.428825																					
759.820325																					
759.957250																					
760.119650																					
760.202425																					
760.856875																					
760.916125																					
761.712400																					
761.721650																					
762.724950																					
762.978525																					
764.025525																					
764.197150																					
764.682425																					
765.850750																					
765.872075																					
766.248950																					
766.507475																					
768.718200																					
768.991025																					
769.039950																					
769.340325																					
769.661650																					
770.427600																					
771.318775																					
772.208625																					
773.400300																					
773.430425																					
774.558975																					
774.664950																					
774.755550																					
775.853725																					
776.027275																					
776.085300																					
777.472875																					
777.507400																					
777.717800																					
777.976025																					
779.094600																					
779.175650																					
780.640125																					
781.309875																					
781.855475																					
783.504950																					
783.593500																					
783.635350																					
783.857000																					
784.587125																					
784.775200																					
784.879800																					
784.915925																					
785.728425																					
786.201775																					
786.439075																					
786.929850																					
787.367150																					
790.379450																					
792.819000																					
792.837475																					
792.840575																					
793.897650																					
793.909600																					
794.681500																					
794.731325																					
795.156575																					
795.847225																					
796.020475																					
796.024400																					
796.286025																					
796.711425																					
796.719550																					
797.432600																					
797.760600																					
798.642325																					
799.701425																					
800.015475																					
800.150275																					
801.015350																					
801.394400																					
802.035325																					
802.562625																					
802.688225																					
802.841650																					
802.964400																					
803.350800																					
803.711450																					
803.740425																					
804.141800																					
804.410600																					
804.642225																					
805.721225																					
806.599125																					
806.736575																					
806.806750																					
806.964900																					
807.128625																					
807.160350																					
807.202425																					
807.299050																					
807.406475																					
807.603650																					
808.384750																					
808.630125																					
809.044750																					
809.426100																					
811.470600																					
811.594150																					
811.664650																					
812.597575																					
813.597225																					
814.257050																					
814.723375																					
814.798300																					
815.454850																					
816.024975																					
816.356800																					
816.880200																					
817.001575																					
818.170200																					
818.194000																					
818.259500																					
818.717325																					
818.953975																					
819.021475																					
819.094875																					
819.370800																					
820.306525																					
820.359600																					
820.906500																					
821.513550																					
822.290575																					
822.703925																					
822.995500																					
823.283175																					
824.400150																					
824.870500																					
825.470450																					
825.670250																					
825.715400																					
826.224600																					
827.511500																					
827.920875																					
828.007325																					
828.251775																					
828.269100																					
828.465550																					
828.537350																					
828.962500																					
829.652400																					
830.140800																					
831.189375																					
831.663700																					
831.683950																					
831.767450																					
831.803700																					
831.975725																					
832.343625																					
833.457125																					
833.983475																					
834.293000																					
834.746925																					
835.626175																					
835.883700																					
836.241150																					
836.868400																					
837.117875																					
837.583425																					
837.816075																					
838.252075																					
838.424150																					
839.978950																					
840.011300																					
840.660750																					
840.673350																					
840.791575																					
841.066775																					
842.712825																					
843.810325																					
844.042300																					
844.082850																					
844.781675																					
844.849900																					
844.934275																					
844.994750																					
845.097075																					
845.101650																					
845.722975																					
846.012900																					
846.203375																					
846.341375																					
846.590125																					
846.927600																					
847.584175																					
847.794600																					
847.966825																					
849.230025																					
849.267475																					
849.792775																					
850.450500																					
850.567175																					
851.026450																					
851.319625																					
851.539500																					
851.605300																					
852.194025																					
852.214000																					
852.809475																					
853.240400																					
853.271050																					
853.373275																					
853.826675																					
856.622300																					
856.865625																					
856.898925																					
857.569525																					
857.868425																					
859.059275																					
859.141750																					
860.431975																					
861.477775																					
861.538925																					
861.603700																					
861.784450																					
861.890200																					
862.112200																					
862.490300																					
862.833325																					
864.066200																					
864.809275																					
864.932775																					
865.493900																					
865.971300																					
866.345975																					
867.517650																					
867.530625																					
867.825400																					
867.917125																					
868.080000																					
869.086150																					
869.473400																					
870.655650																					
870.903000																					
871.662675																					
872.138775																					
872.862550																					
873.091500																					
873.181775																					
874.824450																					
874.876050																					
874.885400																					
875.392475																					
875.477100																					
875.485450																					
875.487600																					
875.949150																					
876.864750																					
876.872175																					
877.403450																					
877.652450																					
877.660150																					
878.465850																					
878.740325																					
879.064975																					
879.143900																					
880.133475																					
880.708750																					
881.324900																					
881.678350																					
882.444300																					
883.443300																					
883.619100																					
884.881550																					
885.441350																					
885.516475																					
885.795450																					
886.594425																					
889.525675																					
889.539700																					
889.566675																					
889.887975																					
890.151225																					
890.225975																					
890.712950																					
890.946475																					
891.006425																					
891.092275																					
891.104150																					
891.790500																					
891.800800																					
891.849275																					
892.192025																					
892.626050																					
892.944250																					
893.033825																					
893.321875																					
893.666400																					
893.739225																					
894.725150																					
895.390125																					
895.789850																					
895.814975																					
897.608375																					
897.623300																					
897.669275																					
898.135100																					
899.481000																					
900.231550																					
900.267750																					
900.768725																					
901.774250																					
901.877675																					
901.881625																					
901.884925																					
902.004775																					
902.146725																					
902.259500																					
902.331925																					
902.465425																					
902.492700																					
904.186175																					
904.656150																					
905.032825																					
905.094350																					
905.693700																					
905.973775																					
906.304175																					
906.537350																					
906.690375																					
907.084975																					
907.574750																					
907.862625																					
909.290450																					
909.383225																					
910.243025																					
910.368575																					
910.483325																					
910.539950																					
910.828375																					
910.924750																					
911.108575																					
911.543325																					
911.748275																					
913.420450																					
915.554950																					
916.439425																					
916.780350																					
917.076025																					
917.780400																					
917.820700																					
917.851500																					
919.108400																					
919.183425																					
919.552075																					
919.614900																					
919.740925																					
920.108925																					
920.602775																					
920.651025																					
920.669100																					
920.697000																					
920.951025																					
921.372375																					
922.122925																					
922.546325																					
922.693250																					
923.674575																					
923.749750																					
923.759000																					
923.820350																					
924.714775																					
924.766300																					
925.744225																					
925.940775																					
926.108250																					
926.638175																					
926.735625																					
926.925275																					
927.317675																					
927.888375																					
928.563950																					
929.070225																					
930.176300																					
930.227025																					
930.336525																					
930.383025																					
930.605700																					
932.187600																					
933.314625																					
933.321775																					
934.026400																					
934.889025																					
935.068650																					
935.383250																					
935.903950																					
935.935725																					
936.234600																					
936.453500																					
936.666025																					
937.041800																					
937.319675																					
937.842750																					
938.100900																					
938.292025																					
938.335675																					
938.489750																					
939.285525																					
939.807750																					
941.332775																					
941.858500																					
941.943175																					
942.111825																					
942.419125																					
942.713475																					
943.092825																					
943.651075																					
944.116775																					
944.322925																					
944.441675																					
944.683750																					
946.083025																					
946.468475																					
946.635425																					
946.735450																					
947.028675																					
947.570650																					
947.948625																					
948.685975																					
948.781450																					
949.017650																					
949.083450																					
949.655275																					
949.695700																					
950.259375																					
950.396675																					
950.711200																					
950.940350																					
950.991350																					
952.993625																					
953.220100																					
953.564750																					
953.804425																					
954.101900																					
954.288375																					
954.416450																					
954.448025																					
955.375425																					
955.396075																					
955.563925																					
955.693225																					
955.992400																					
956.104175																					
956.297725																					
956.748600																					
956.771650																					
956.835100																					
957.591150																					
958.238950																					
958.451075																					
958.959725																					
960.409250																					
960.655775																					
960.778575																					
960.779625																					
960.837675																					
961.333350																					
961.498925																					
961.513625																					
961.782675																					
962.024850																					
963.261450																					
963.455475																					
964.719050																					
965.153675																					
965.202675																					
965.963025																					
966.487950																					
966.551525																					
967.592800																					
967.601275																					
967.692475																					
968.059450																					
968.231950																					
968.398875																					
968.717650																					
969.719650																					
970.263625																					
970.716450																					
970.735850																					
970.754950																					
970.850775																					
970.965200																					
971.617275																					
971.716675																					
972.252575																					
972.317850																					
972.425250																					
972.677575																					
973.239700																					
973.728600																					
974.303575																					
974.316000																					
974.319750																					
974.339825																					
974.733025																					
975.308125																					
975.712050																					
976.133025																					
976.173975																					
976.442450																					
976.447525																					
976.762475																					
976.916325																					
976.944375																					
978.102300																					
978.337000																					
978.803800																					
979.674575																					
979.733275																					
979.782125																					
980.213000																					
980.352275																					
980.548650																					
980.787125																					
980.978800																					
981.092700																					
981.918550																					
982.192150																					
982.439800																					
982.773975																					
983.513775																					
983.613200																					
983.843475																					
984.171500																					
984.324075																					
984.374650																					
984.538075																					
984.872675																					
984.915700																					
984.972600																					
985.006800																					
985.387825																					
986.344900																					
986.622700																					
987.105850																					
987.149350																					
987.289850																					
987.689825																					
987.724675																					
987.929100																					
988.407725																					
989.158225																					
989.235725																					
989.761350																					
990.056875																					
990.060650																					
990.078775																					
990.276825																					
991.125075																					
991.632725																					
991.784700																					
991.878625																					
991.965200																					
991.994800																					
993.158000																					
993.191025																					
993.391400																					
994.179225																					
994.208175																					
994.239750																					
994.709050																					
995.163800																					
995.167575																					
995.608475																					
996.221900																					
996.252275																					
996.537600																					
996.627625																					
996.775450																					
996.884200																					
997.126075																					
997.352375																					
998.036025																					
999.174600																					
999.237400																					
999.266800																					
1001.247350																					
1001.385425																					
1001.973450																					
1003.006725																					
1004.026975																					
1004.382475																					
1004.408225																					
1005.155800																					
1005.408075																					
1005.689675																					
1006.201825																					
1006.476950																					
1006.528075																					
1007.043075																					
1007.114925																					
1007.410025																					
1007.744875																					
1007.873950																					
1008.150950																					
1008.230675																					
1008.611025																					
1008.922075																					
1009.682775																					
1009.752875																					
1009.821000																					
1010.375875																					
1010.441450																					
1010.475625																					
1010.710225																					
1010.749600																					
1010.964375																					
1011.136775																					
1011.255450																					
1011.785525																					
1012.537900																					
1013.015350																					
1013.386125																					
1013.807250																					
1013.913225																					
1014.219425																					
1014.268800																					
1014.365350																					
1014.515025																					
1014.646850																					
1014.800875																					
1014.821300																					
1015.144125																					
1015.348250																					
1015.546975																					
1015.584900																					
1015.853200																					
1016.136425																					
1016.310200																					
1016.483425																					
1016.507075																					
1016.510575																					
1016.965450																					
1016.992175																					
1016.998125																					
1017.053150																					
1017.146850																					
1017.149600																					
1017.151075																					
1017.383400																					
1017.746025																					
1017.874250																					
1018.032575																					
1018.435550																					
1018.469075																					
1018.646675																					
1018.696825																					
1018.881950																					
1019.549100																					
1019.639925																					
1019.666775																					
1019.747875																					
1020.010400																					
1020.740825																					
1020.797050																					
1021.244850																					
1021.729675																					
1022.129300																					
1022.602975																					
1023.826500																					
1024.331775																					
1024.494975																					
1024.546325																					
1024.555725																					
1024.754200																					
1025.523150																					
1025.825300																					
1025.857250																					
1026.037925																					
1027.363725																					
1027.958000																					
1028.102050																					
1028.706100																					
1029.229700																					
1029.557775																					
1030.212200																					
1030.428075																					
1030.576450																					
1030.591975																					
1030.668000																					
1030.732775																					
1030.742175																					
1031.403250																					
1031.922300																					
1032.326500																					
1032.703700																					
1032.713925																					
1032.720800																					
1033.143875																					
1033.285175																					
1033.295075																					
1033.489750																					
1033.644325																					
1034.594025																					
1034.725775																					
1034.851975																					
1034.957850																					
1034.984825																					
1035.231825																					
1035.561825																					
1035.579050																					
1035.710900																					
1035.830025																					
1035.910825																					
1035.973700																					
1036.257900																					
1036.267675																					
1036.518075																					
1036.678075																					
1037.012450																					
1037.121300																					
1037.359700																					
1037.538375																					
1038.649850																					
1038.684725																					
1038.808325																					
1039.327475																					
1039.748625																					
1040.322125																					
1040.523825																					
1040.891100																					
1041.621025																					
1042.033175																					
1043.065750																					
1044.007275																					
1044.312825																					
1044.496975																					
1044.502950																					
1044.680600																					
1045.483900																					
1045.531325																					
1045.623025																					
1046.908875																					
1047.275475																					
1047.569775																					
1047.578825																					
1047.590675																					
1047.954375																					
1047.985550																					
1048.038500																					
1048.199375																					
1048.464025																					
1048.483625																					
1049.410025																					
1049.611100																					
1049.863550																					
1049.874075																					
1051.210550																					
1051.735400																					
1051.807650																					
1052.170675																					
1052.612600																					
1053.174150																					
1053.272925																					
1053.387025																					
1054.675875																					
1054.952000																					
1055.067000																					
1055.935025																					
1055.941375																					
1056.829800																					
1057.580100																					
1057.647700																					
1058.148150																					
1058.196675																					
1058.686550																					
1059.305300																					
1060.024200																					
1060.182050																					
1060.352350																					
1060.410550																					
1060.428775																					
1060.651050																					
1060.742725																					
1060.943325																					
1061.004825																					
1061.055100																					
1061.833300																					
1061.901425																					
1062.569675																					
1063.430925																					
1063.626050																					
1064.368125																					
1064.457600																					
1065.376450																					
1065.387950																					
1065.509175																					
1065.946475																					
1065.984500																					
1066.042250																					
1066.095425																					
1066.200950																					
1066.901125																					
1067.012975																					
1067.191175																					
1067.444425																					
1067.640400																					
1067.754250																					
1068.050850																					
1068.330400																					
1069.256650																					
1070.573800																					
1070.755200																					
1071.276150																					
1071.727825																					
1071.794150																					
1071.800175																					
1072.200250																					
1072.410650																					
1072.699800																					
1073.176425																					
1073.260275																					
1073.892850																					
1074.819075																					
1074.888500																					
1076.178425																					
1076.454675																					
1076.817600																					
1077.283500																					
1077.348450																					
1077.424925																					
1077.450725																					
1077.977050																					
1077.979950																					
1078.096275																					
1078.744575																					
1078.751750																					
1079.165625																					
1079.447700																					
1079.647825																					
1079.769550																					
1079.865425																					
1079.877050																					
1080.123300																					
1080.130275																					
1080.316475																					
1080.447450																					
1081.482875																					
1081.971775																					
1082.076800																					
1083.008025																					
1083.102650																					
1083.495775																					
1083.508025																					
1083.595475																					
1083.838250																					
1084.596550																					
1084.796800																					
1084.989750																					
1085.287900																					
1085.405350																					
1086.500275																					
1086.549575																					
1087.108500																					
1087.190550																					
1087.299575																					
1087.953475																					
1088.380900																					
1088.827800																					
1090.490950																					
1090.599400																					
1091.013150																					
1091.034625																					
1091.140950																					
1091.209750																					
1091.255275																					
1092.332875																					
1092.361175																					
1092.657950																					
1092.728075																					
1093.545625																					
1093.620550																					
1093.644050																					
1093.793275																					
1093.797775																					
1094.510525																					
1095.294850																					
1095.417675																					
1096.313325																					
1096.371950																					
1097.491650																					
1098.447700																					
1098.549375																					
1098.814350																					
1099.041825																					
1099.507475																					
1099.516400																					
1099.541350																					
1100.220375																					
1100.314975																					
1100.443350																					
1100.510200																					
1100.582050																					
1101.068600																					
1101.661750																					
1101.992475																					
1102.011775																					
1102.463425																					
1102.553725																					
1102.774200																					
1102.954875																					
1103.665675																					
1105.476775																					
1105.507400																					
1105.981300																					
1106.872650																					
1106.945250																					
1107.017875																					
1107.589075																					
1108.056450																					
1108.325150																					
1109.406525																					
1109.580625																					
1110.172550																					
1111.093550																					
1111.870725																					
1111.899500																					
1111.976300																					
1112.341075																					
1112.376575																					
1113.286900																					
1113.711300																					
1114.014925																					
1114.118575																					
1114.182650																					
1114.333900																					
1114.854025																					
1114.953175																					
1115.464375																					
1115.661700																					
1117.389825																					
1117.667325																					
1118.575275																					
1118.830300																					
1118.848875																					
1119.087300																					
1119.177450																					
1119.572325																					
1119.704000																					
1120.277225																					
1120.391875																					
1120.602975																					
1121.882850																					
1121.957850																					
1122.277125																					
1122.365400																					
1124.035250																					
1124.072675																					
1125.471900																					
1125.527875																					
1125.581175																					
1125.789950																					
1125.904775																					
1126.024325																					
1126.502325																					
1126.612025																					
1128.664200																					
1129.403900																					
1129.410350																					
1129.614600																					
1130.225750																					
1130.253075																					
1130.308950																					
1130.357925																					
1130.989300																					
1131.213650																					
1131.645225																					
1131.728475																					
1132.229150																					
1132.344525																					
1132.367025																					
1132.450925																					
1133.130900																					
1133.153525																					
1134.558475																					
1135.257525																					
1135.745150																					
1137.205700																					
1138.550325																					
1138.748300																					
1138.752575																					
1138.828200																					
1138.996450																					
1139.608125																					
1139.654600																					
1139.681150																					
1140.994875																					
1141.837400																					
1142.007300																					
1142.302150																					
1142.557550																					
1142.955125																					
1143.335250																					
1143.458875																					
1143.468175																					
1144.011475																					
1144.282475																					
1144.356450																					
1144.623475																					
1144.972950																					
1145.374450																					
1145.503850																					
1145.786325																					
1145.846800																					
1146.367150																					
1146.675725																					
1146.955050																					
1147.318425																					
1148.764450																					
1148.845600																					
1149.392400																					
1152.498400																					
1152.998775																					
1153.762700																					
1154.029300																					
1154.298375																					
1154.673975																					
1155.069075																					
1155.174025																					
1155.577350																					
1155.603825																					
1156.231400																					
1156.350600																					
1157.779175																					
1157.874225																					
1158.211100																					
1158.243100																					
1158.888800																					
1158.990400																					
1159.230025																					
1159.362625																					
1159.585550																					
1159.991950																					
1160.154950																					
1160.208850																					
1160.529125																					
1160.531750																					
1160.878100																					
1161.681300																					
1161.719150																					
1161.778975																					
1162.192450																					
1162.244075																					
1162.449800																					
1162.596925																					
1162.603800																					
1162.611000																					
1162.635525																					
1163.786775																					
1164.398400																					
1164.647800																					
1165.941275																					
1168.121925																					
1168.335775																					