SPK11c	num1areaSel	num1perimSel	num1radSel	num1sel	num2areaSel	num2perimSel	num2radSel	num2sel	num3areaSel	num3perimSel	num3radSel	num3sel	num4areaSel	num4perimSel	num4radSel	num4sel	num5areaSel	num5perimSel	num5radSel	num5sel	numAllSel
1.394125	15.462400	75.476400	102.992000	15.462400	92.993400	37.947400	30.450400	30.450400	90.492400	45.465400	13.044400	13.044400	57.959400	17.949400	140.507000	17.949400	42.964400	22.945400	135.511000	22.945400	13.044400
1.422000	20.444400	173.026000	178.043000	20.444400	120.509000	60.481400	65.477400	37.947400	100.498000	87.997400	67.979400	45.465400	95.495400	55.464400	148.026000	55.464400	150.527000	80.479400	180.545000	42.964400	15.462400
3.495400	82.980400	183.039000	223.077000	75.476400	523.232000	70.480400	105.494000	60.481400	215.558000	200.556000	123.011000	67.979400	238.072000	128.007000	155.523000	57.959400	220.561000	138.013000	190.544000	80.479400	17.949400
3.619000	107.995000	268.089000	273.092000	82.980400	648.313000	97.996400	395.671000	65.477400	218.060000	255.589000	158.024000	87.997400	428.183000	153.028000	230.574000	95.495400	283.105000	160.526000	260.592000	135.511000	20.444400
5.472250	168.023000	300.608000	323.122000	102.992000	658.312000	308.106000	463.204000	70.480400	233.076000	258.090000	208.061000	90.492400	453.205000	305.604000	325.623000	128.007000	295.605000	270.591000	275.608000	138.013000	22.945400
6.612700	263.093000	418.184000	433.186000	107.995000	683.326000	565.764000	528.249000	92.993400	240.573000	393.170000	243.074000	100.498000	500.719000	408.172000	420.686000	140.507000	465.698000	503.221000	285.606000	150.527000	30.450400
6.622000	293.104000	530.730000	495.716000	168.023000	690.845000	568.266000	545.753000	97.996400	475.718000	400.667000	265.588000	123.011000	525.748000	538.248000	430.685000	148.026000	573.269000	533.252000	410.666000	160.526000	37.947400
6.644925	425.689000	558.267000	700.844000	173.026000	710.843000	578.279000	560.768000	105.494000	540.750000	685.828000	310.621000	158.024000	535.747000	663.315000	633.297000	153.028000	643.317000	583.282000	448.202000	180.545000	42.964400
6.924025	468.200000	585.783000	750.880000	178.043000	718.361000	635.812000	653.316000	120.509000	715.846000	740.860000	460.703000	200.556000	543.251000	743.362000	640.815000	155.523000	680.832000	650.814000	470.701000	190.544000	45.465400
7.001525	563.263000	670.833000	758.378000	183.039000	810.908000	783.392000	655.817000	308.106000	735.864000	748.379000	548.247000	208.061000	593.280000	820.907000	708.348000	230.574000	720.842000	673.328000	478.220000	220.561000	55.464400
7.085025	570.767000	675.829000	763.381000	223.077000	848.424000	880.943000	668.332000	395.671000	753.375000	823.409000	580.780000	215.558000	630.796000	830.927000	713.365000	238.072000	785.894000	698.342000	488.219000	260.592000	57.959400
9.224750	595.782000	890.956000	780.891000	263.093000	913.476000	888.454000	678.330000	463.204000	790.890000	855.942000	645.811000	218.060000	660.813000	853.427000	733.363000	305.604000	858.443000	773.393000	513.233000	270.591000	60.481400
9.880750	638.314000	903.456000	850.925000	268.089000	950.991000	928.471000	755.876000	523.232000	818.406000	895.958000	770.878000	233.076000	688.343000	988.520000	768.377000	325.623000	920.973000	840.926000	575.763000	275.608000	65.477400
10.243175	665.816000	930.993000	860.938000	273.092000	953.492000	968.508000	760.879000	528.249000	845.922000	925.976000	815.911000	240.573000	695.848000	1036.030000	775.895000	408.172000	938.490000	843.428000	723.364000	283.105000	67.979400
10.595375	738.359000	996.024000	933.488000	293.104000	973.504000	1083.570000	765.875000	545.753000	883.458000	1028.540000	885.960000	243.074000	745.877000	1108.580000	991.007000	420.686000	943.486000	898.460000	825.910000	285.606000	70.480400
11.637700	828.412000	1006.020000	960.990000	300.608000	1001.020000	1091.070000	908.459000	560.768000	1003.520000	1128.600000	893.457000	255.589000	778.396000	1171.730000	1048.560000	428.183000	981.002000	971.003000	878.441000	295.605000	75.476400
11.734725	865.941000	1033.540000	1041.050000	323.122000	1071.060000	1136.100000	1026.040000	565.764000	1056.050000	1186.750000	915.970000	258.090000	838.425000	1209.270000	1051.050000	430.685000	993.523000	998.519000	905.957000	410.666000	80.479400
11.742575	958.488000	1058.550000	1086.070000	418.184000	1201.750000	1191.750000	1073.570000	568.266000	1061.060000	1199.250000	918.472000	265.588000	863.439000	1441.890000	1053.550000	453.205000	1023.540000	1038.540000	935.989000	448.202000	82.980400
12.328850	1031.040000	1113.590000	1103.570000	425.689000	1559.460000	1214.260000	1184.250000	578.279000	1179.250000	1216.770000	923.475000	310.621000	900.954000	1459.410000	1078.570000	500.719000	1101.070000	1098.590000	1289.320000	465.698000	87.997400
14.032150	1043.540000	1319.310000	1106.070000	433.186000	1647.000000	1224.260000	1204.270000	635.812000	1206.770000	1409.380000	955.987000	393.170000	910.974000	1541.940000	1096.080000	525.748000	1196.750000	1131.100000	1334.330000	470.701000	90.492400
14.086275	1076.070000	1421.890000	1133.600000	468.200000	1659.520000	1279.300000	1219.270000	648.313000	1394.380000	1411.880000	1081.070000	400.667000	1046.050000	1544.440000	1189.250000	535.747000	1406.880000	1176.740000	1404.380000	478.220000	92.993400
14.769725	1093.590000	1454.410000	1181.750000	495.716000	1782.080000	1451.910000	1401.870000	653.316000	1444.390000	1469.410000	1111.090000	460.703000	1088.570000	1561.950000	1479.430000	538.248000	1436.900000	1314.320000	1414.370000	488.219000	95.495400
15.260100	1169.230000	1526.940000	1331.830000	530.730000	1802.100000	1534.440000	1491.930000	655.817000	1551.960000	1484.420000	1165.400000	475.718000	1121.080000	1662.020000	1486.920000	543.251000	1449.400000	1424.370000	1429.390000	503.221000	97.996400
15.985925	1174.230000	1611.990000	1399.380000	558.267000	1812.100000	1539.440000	1569.460000	658.312000	1596.990000	1494.430000	1221.770000	540.750000	1194.250000	1672.020000	1584.470000	593.280000	1466.910000	1644.500000	1439.400000	513.233000	100.498000
16.632150	1434.390000	1634.500000	1426.880000	563.263000	1864.630000	1556.960000	1599.470000	668.332000	1604.490000	1546.960000	1329.330000	548.247000	1211.760000	1692.040000	1591.990000	630.796000	1589.470000	1657.020000	1531.940000	533.252000	102.992000
18.047325	1446.890000	1684.530000	1476.910000	570.767000	1964.700000	1707.050000	1616.990000	678.330000	1709.530000	1857.140000	1396.860000	580.780000	1316.830000	1777.090000	1609.490000	633.297000	1652.010000	1737.070000	1564.460000	573.269000	105.494000
18.051075	1456.910000	1752.070000	1481.930000	585.783000	1967.190000	1722.060000	1774.590000	683.326000	1889.650000	1884.650000	1419.380000	645.811000	1566.960000	1817.100000	1639.510000	640.815000	1727.050000	1827.120000	1576.970000	575.763000	107.995000
18.874900	1471.910000		1586.980000	595.782000	2002.210000	1859.630000	1882.150000	690.845000	1907.160000	1894.660000	1521.940000	685.828000	1581.970000	1897.140000	1772.090000	660.813000	1769.580000	1852.130000	1601.990000	583.282000	120.509000
19.138600	1474.410000		1649.510000	638.314000	2067.260000	1949.680000	1909.670000	710.843000	1944.680000	1977.210000	1614.490000	715.846000	1654.520000	1974.700000	1794.600000	663.315000	1797.100000	1927.180000	1624.510000	643.317000	123.011000
19.654475	1489.430000		1744.570000	665.816000	2104.770000	2034.750000	1914.660000	718.361000	1947.180000	2009.730000	1664.520000	735.864000	1669.520000	1984.710000	1862.130000	688.343000	2012.230000	1952.180000	1627.010000	650.814000	128.007000
19.701475	1524.440000		1854.630000	670.833000	2107.280000	2122.290000	1919.680000	755.876000	1972.200000	2079.760000	1702.040000	740.860000	1679.520000	2007.230000	1867.150000	695.848000	2092.270000	1997.210000	1632.000000	673.328000	135.511000
20.804275	1579.470000		1904.660000	675.829000				760.879000	1999.710000	2117.300000	1734.570000	748.379000	1689.540000	2024.730000	1887.150000	708.348000		2052.240000	1642.000000	680.832000	138.013000
21.197975	1594.470000		1912.170000	700.844000				765.875000	2027.230000		1799.600000	753.375000	1697.030000		1922.170000	713.365000			1667.020000	698.342000	140.507000
21.842800	1621.990000		1917.160000	738.359000				783.392000	2029.730000		1924.680000	770.878000	1842.130000		1954.680000	733.363000			1779.580000	720.842000	148.026000
22.023350	1717.050000		1934.680000	750.880000				810.908000			1969.690000	790.890000	1849.630000			743.362000			1879.650000	723.364000	150.527000
23.197275	1724.550000		2004.720000	758.378000				848.424000			2039.740000	815.911000	1899.670000			745.877000			1942.180000	773.393000	153.028000
23.975375	1767.080000		2014.730000	763.381000				880.943000			2047.250000	818.406000	1992.210000			768.377000			2032.230000	785.894000	155.523000
26.025975	1792.080000			780.891000				888.454000			2069.760000	823.409000	2017.230000			775.895000			2059.760000	825.910000	158.024000
26.484475	1892.150000			828.412000				908.459000				845.922000				778.396000			2089.780000	840.926000	160.526000
26.485725	1982.220000			850.925000				913.476000				855.942000				820.907000				843.428000	168.023000
26.892725				860.938000				928.471000				883.458000				830.927000				858.443000	173.026000
27.762825				865.941000				950.991000				885.960000				838.425000				878.441000	178.043000
27.959725				890.956000				953.492000				893.457000				853.427000				898.460000	180.545000
29.421325				903.456000				968.508000				895.958000				863.439000				905.957000	183.039000
29.607125				930.993000				973.504000				915.970000				900.954000				920.973000	190.544000
29.616150				933.488000				1001.020000				918.472000				910.974000				935.989000	200.556000
30.929925				958.488000				1026.040000				923.475000				988.520000				938.490000	208.061000
31.267200				960.990000				1071.060000				925.976000				991.007000				943.486000	215.558000
32.088425				996.024000				1073.570000				955.987000				1036.030000				971.003000	218.060000
33.184250				1006.020000				1083.570000				1003.520000				1046.050000				981.002000	220.561000
33.806775				1031.040000				1091.070000				1028.540000				1048.560000				993.523000	223.077000
35.042325				1033.540000				1136.100000				1056.050000				1051.050000				998.519000	230.574000
35.695000				1041.050000				1184.250000				1061.060000				1053.550000				1023.540000	233.076000
37.233975				1043.540000				1191.750000				1081.070000				1078.570000				1038.540000	238.072000
38.013575				1058.550000				1201.750000				1111.090000				1088.570000				1098.590000	240.573000
38.620275				1076.070000				1204.270000				1128.600000				1096.080000				1101.070000	243.074000
39.559250				1086.070000				1214.260000				1165.400000				1108.580000				1131.100000	255.589000
41.229025				1093.590000				1219.270000				1179.250000				1121.080000				1176.740000	258.090000
41.335200				1103.570000				1224.260000				1186.750000				1171.730000				1196.750000	260.592000
41.363200				1106.070000				1279.300000				1199.250000				1189.250000				1289.320000	263.093000
41.434600				1113.590000				1401.870000				1206.770000				1194.250000				1314.320000	265.588000
41.465650				1133.600000				1451.910000				1216.770000				1209.270000				1334.330000	268.089000
41.640625				1169.230000				1491.930000				1221.770000				1211.760000				1404.380000	270.591000
42.340950				1174.230000				1534.440000				1329.330000				1316.830000				1406.880000	273.092000
42.421100				1181.750000				1539.440000				1394.380000				1441.890000				1414.370000	275.608000
42.508475				1319.310000				1556.960000				1396.860000				1459.410000				1424.370000	283.105000
44.415425				1331.830000				1559.460000				1409.380000				1479.430000				1429.390000	285.606000
45.470650				1399.380000				1569.460000				1411.880000				1486.920000				1436.900000	293.104000
46.258750				1421.890000				1599.470000				1419.380000				1541.940000				1439.400000	295.605000
46.947625				1426.880000				1616.990000				1444.390000				1544.440000				1449.400000	300.608000
47.209700				1434.390000				1647.000000				1469.410000				1561.950000				1466.910000	305.604000
47.826275				1446.890000				1659.520000				1484.420000				1566.960000				1531.940000	308.106000
47.855900				1454.410000				1707.050000				1494.430000				1581.970000				1564.460000	310.621000
47.885125				1456.910000				1722.060000				1521.940000				1584.470000				1576.970000	323.122000
47.919300				1471.910000				1774.590000				1546.960000				1591.990000				1589.470000	325.623000
49.075625				1474.410000				1782.080000				1551.960000				1609.490000				1601.990000	393.170000
49.532275				1476.910000				1802.100000				1596.990000				1639.510000				1624.510000	395.671000
49.872350				1481.930000				1812.100000				1604.490000				1654.520000				1627.010000	400.667000
50.118600				1489.430000				1859.630000				1614.490000				1662.020000				1632.000000	408.172000
50.722125				1524.440000				1864.630000				1664.520000				1669.520000				1642.000000	410.666000
50.732750				1526.940000				1882.150000				1702.040000				1672.020000				1644.500000	418.184000
51.038825				1579.470000				1909.670000				1709.530000				1679.520000				1652.010000	420.686000
51.469825				1586.980000				1914.660000				1734.570000				1689.540000				1657.020000	425.689000
51.517500				1594.470000				1919.680000				1799.600000				1692.040000				1667.020000	428.183000
51.536700				1611.990000				1949.680000				1857.140000				1697.030000				1727.050000	430.685000
51.597375				1621.990000				1964.700000				1884.650000				1772.090000				1737.070000	433.186000
51.645850				1634.500000				1967.190000				1889.650000				1777.090000				1769.580000	448.202000
51.669000				1649.510000				2002.210000				1894.660000				1794.600000				1779.580000	453.205000
51.763375				1684.530000				2034.750000				1907.160000				1817.100000				1797.100000	460.703000
51.765075				1717.050000				2067.260000				1924.680000				1842.130000				1827.120000	463.204000
52.576175				1724.550000				2104.770000				1944.680000				1849.630000				1852.130000	465.698000
52.578900				1744.570000				2107.280000				1947.180000				1862.130000				1879.650000	468.200000
54.410200				1752.070000				2122.290000				1969.690000				1867.150000				1927.180000	470.701000
55.107625				1767.080000								1972.200000				1887.150000				1942.180000	475.718000
55.535650				1792.080000								1977.210000				1897.140000				1952.180000	478.220000
56.408825				1854.630000								1999.710000				1899.670000				1997.210000	488.219000
57.165450				1892.150000								2009.730000				1922.170000				2012.230000	495.716000
57.993075				1904.660000								2027.230000				1954.680000				2032.230000	500.719000
59.939700				1912.170000								2029.730000				1974.700000				2052.240000	503.221000
60.166175				1917.160000								2039.740000				1984.710000				2059.760000	513.233000
60.519175				1934.680000								2047.250000				1992.210000				2089.780000	523.232000
63.527725				1982.220000								2069.760000				2007.230000				2092.270000	525.748000
64.149675				2004.720000								2079.760000				2017.230000					528.249000
64.173200				2014.730000								2117.300000				2024.730000					530.730000
64.235800																					533.252000
64.734725																					535.747000
65.323450																					538.248000
66.034750																					540.750000
66.081350																					543.251000
67.329850																					545.753000
67.427925																					548.247000
67.475050																					558.267000
69.330475																					560.768000
69.994850																					563.263000
72.307575																					565.764000
73.170025																					568.266000
73.626475																					570.767000
74.783450																					573.269000
78.779150																					575.763000
78.842975																					578.279000
79.432925																					580.780000
80.228375																					583.282000
80.945150																					585.783000
82.976500																					593.280000
84.035050																					595.782000
84.483325																					630.796000
85.010425																					633.297000
87.125325																					635.812000
87.335975																					638.314000
87.338600																					640.815000
87.939675																					643.317000
88.135275																					645.811000
88.165250																					648.313000
88.389475																					650.814000
88.944775																					653.316000
90.647950																					655.817000
90.831475																					658.312000
91.036150																					660.813000
92.616650																					663.315000
92.850875																					665.816000
94.775750																					668.332000
94.833025																					670.833000
96.326525																					673.328000
96.515700																					675.829000
97.516325																					678.330000
97.622850																					680.832000
98.310550																					683.326000
100.024600																					685.828000
100.604175																					688.343000
101.767825																					690.845000
101.780975																					695.848000
102.068325																					698.342000
102.213200																					700.844000
102.271150																					708.348000
103.641700																					710.843000
104.522425																					713.365000
106.983925																					715.846000
107.272200																					718.361000
107.316375																					720.842000
108.150700																					723.364000
109.819000																					733.363000
110.438400																					735.864000
111.626175																					738.359000
112.051850																					740.860000
112.139775																					743.362000
112.370675																					745.877000
112.496150																					748.379000
112.801300																					750.880000
113.567925																					753.375000
114.879475																					755.876000
115.239200																					758.378000
115.706500																					760.879000
115.881725																					763.381000
116.277475																					765.875000
116.460925																					768.377000
117.448100																					770.878000
118.240625																					773.393000
118.889675																					775.895000
119.465600																					778.396000
120.257550																					780.891000
120.849925																					783.392000
122.813975																					785.894000
123.147225																					790.890000
123.886675																					810.908000
125.067125																					815.911000
125.649400																					818.406000
125.848475																					820.907000
126.962700																					823.409000
131.555475																					825.910000
131.733100																					828.412000
131.976375																					830.927000
133.033100																					838.425000
133.074500																					840.926000
133.444925																					843.428000
134.502400																					845.922000
134.805475																					848.424000
135.285425																					850.925000
135.635175																					853.427000
135.698200																					855.942000
136.638900																					858.443000
137.069975																					860.938000
137.113075																					863.439000
137.843800																					865.941000
139.209100																					878.441000
140.185825																					880.943000
141.081100																					883.458000
141.160475																					885.960000
143.034900																					888.454000
144.408875																					890.956000
144.715475																					893.457000
145.401675																					895.958000
145.570675																					898.460000
145.598900																					900.954000
145.747450																					903.456000
145.766850																					905.957000
145.789625																					908.459000
145.970450																					910.974000
146.430225																					913.476000
147.055175																					915.970000
147.652325																					918.472000
148.115550																					920.973000
148.259150																					923.475000
150.167175																					925.976000
150.749900																					928.471000
151.043725																					930.993000
151.210175																					933.488000
153.207775																					935.989000
153.918475																					938.490000
154.894125																					943.486000
155.206775																					950.991000
156.387425																					953.492000
156.398150																					955.987000
157.108375																					958.488000
157.110900																					960.990000
157.731775																					968.508000
158.457825																					971.003000
159.733950																					973.504000
160.275925																					981.002000
160.332700																					988.520000
160.359375																					991.007000
160.392700																					993.523000
160.435575																					996.024000
161.050900																					998.519000
161.199150																					1001.020000
162.966325																					1003.520000
162.996675																					1006.020000
163.110100																					1023.540000
163.149725																					1026.040000
163.177125																					1028.540000
163.212500																					1031.040000
164.922300																					1033.540000
165.026700																					1036.030000
165.226825																					1038.540000
165.542650																					1041.050000
165.684900																					1043.540000
166.023350																					1046.050000
166.666675																					1048.560000
167.154125																					1051.050000
167.768125																					1053.550000
167.781675																					1056.050000
168.278100																					1058.550000
168.624950																					1061.060000
169.287225																					1071.060000
170.209225																					1073.570000
170.492150																					1076.070000
170.979625																					1078.570000
171.589450																					1081.070000
173.902275																					1083.570000
173.947400																					1086.070000
175.138425																					1088.570000
175.956350																					1091.070000
176.112225																					1093.590000
176.396275																					1096.080000
176.888550																					1098.590000
177.376525																					1101.070000
180.190100																					1103.570000
181.374775																					1106.070000
181.964025																					1108.580000
184.266625																					1111.090000
184.403350																					1113.590000
184.490950																					1121.080000
184.524525																					1128.600000
184.529350																					1131.100000
185.458150																					1133.600000
185.479475																					1136.100000
185.484350																					1165.400000
186.350175																					1169.230000
186.789175																					1171.730000
187.098450																					1174.230000
188.465075																					1176.740000
190.271125																					1179.250000
192.280425																					1181.750000
193.084800																					1184.250000
194.228225																					1186.750000
194.727200																					1189.250000
195.434475																					1191.750000
196.577925																					1194.250000
197.055750																					1196.750000
197.619625																					1199.250000
197.699525																					1201.750000
197.851850																					1204.270000
198.178500																					1206.770000
198.187600																					1209.270000
198.210700																					1211.760000
198.963225																					1214.260000
199.199375																					1216.770000
201.189525																					1219.270000
201.599900																					1221.770000
201.819200																					1224.260000
203.146700																					1279.300000
203.214625																					1289.320000
203.448425																					1314.320000
203.509025																					1316.830000
204.327450																					1319.310000
204.352600																					1329.330000
204.387675																					1331.830000
204.390325																					1334.330000
204.588450																					1394.380000
204.674125																					1396.860000
205.228650																					1399.380000
205.338850																					1401.870000
205.355725																					1404.380000
205.723650																					1406.880000
205.725700																					1409.380000
205.759025																					1411.880000
205.808475																					1414.370000
205.828600																					1419.380000
205.831375																					1421.890000
205.899075																					1424.370000
205.945600																					1426.880000
205.948675																					1429.390000
206.019675																					1434.390000
206.067675																					1436.900000
206.308700																					1439.400000
206.339550																					1441.890000
206.372250																					1444.390000
206.476375																					1446.890000
206.707375																					1449.400000
206.728625																					1451.910000
206.781225																					1454.410000
206.944350																					1456.910000
207.156300																					1459.410000
208.043100																					1466.910000
209.007800																					1469.410000
209.023225																					1471.910000
209.033500																					1474.410000
209.073125																					1476.910000
209.265250																					1479.430000
209.449650																					1481.930000
210.734150																					1484.420000
211.783175																					1486.920000
213.709575																					1489.430000
213.869450																					1491.930000
213.998950																					1494.430000
214.002850																					1521.940000
214.670050																					1524.440000
214.779325																					1526.940000
219.172175																					1531.940000
219.185450																					1534.440000
219.206600																					1539.440000
219.220175																					1541.940000
219.478000																					1544.440000
219.523225																					1546.960000
219.572375																					1551.960000
219.849025																					1556.960000
220.846650																					1559.460000
223.379225																					1561.950000
225.245500																					1564.460000
225.751475																					1566.960000
226.532375																					1569.460000
226.938400																					1576.970000
228.871675																					1579.470000
228.951825																					1581.970000
229.052150																					1584.470000
229.453800																					1586.980000
229.466000																					1589.470000
229.558000																					1591.990000
230.415300																					1594.470000
230.432225																					1596.990000
231.566000																					1599.470000
231.583475																					1601.990000
231.701250																					1604.490000
231.728925																					1609.490000
232.404375																					1611.990000
233.053600																					1614.490000
233.202975																					1616.990000
236.414000																					1621.990000
236.527275																					1624.510000
236.560500																					1627.010000
236.706425																					1632.000000
236.965150																					1634.500000
238.847750																					1639.510000
239.436200																					1642.000000
240.581225																					1644.500000
241.056250																					1647.000000
242.746075																					1649.510000
242.794900																					1652.010000
243.821375																					1654.520000
243.850550																					1657.020000
245.908250																					1659.520000
246.059750																					1662.020000
246.085475																					1664.520000
246.948300																					1667.020000
247.552600																					1669.520000
247.855125																					1672.020000
248.339250																					1679.520000
248.800800																					1684.530000
249.138825																					1689.540000
249.704200																					1692.040000
249.727500																					1697.030000
249.876600																					1702.040000
250.038975																					1707.050000
250.463475																					1709.530000
250.671450																					1717.050000
250.909375																					1722.060000
251.041825																					1724.550000
251.513725																					1727.050000
251.595550																					1734.570000
251.731000																					1737.070000
251.734550																					1744.570000
252.205150																					1752.070000
252.210050																					1767.080000
252.215050																					1769.580000
252.232800																					1772.090000
252.270925																					1774.590000
252.276050																					1777.090000
252.279900																					1779.580000
252.293075																					1782.080000
252.388075																					1792.080000
252.403250																					1794.600000
252.411250																					1797.100000
252.451150																					1799.600000
252.476050																					1802.100000
252.483125																					1812.100000
252.495275																					1817.100000
252.505875																					1827.120000
252.573025																					1842.130000
252.655425																					1849.630000
253.434250																					1852.130000
253.456475																					1854.630000
253.750425																					1857.140000
254.050400																					1859.630000
254.159175																					1862.130000
254.292050																					1864.630000
255.590875																					1867.150000
257.204025																					1879.650000
257.882275																					1882.150000
259.794375																					1884.650000
260.233650																					1887.150000
261.952050																					1889.650000
262.716425																					1892.150000
262.859450																					1894.660000
264.197900																					1897.140000
264.265350																					1899.670000
265.009325																					1904.660000
265.063025																					1907.160000
265.366400																					1909.670000
265.426975																					1912.170000
265.486050																					1914.660000
265.499550																					1917.160000
267.002700																					1919.680000
268.333000																					1922.170000
269.100975																					1924.680000
269.120175																					1927.180000
269.449325																					1934.680000
269.924125																					1942.180000
271.537200																					1944.680000
271.573125																					1947.180000
272.081150																					1949.680000
272.084500																					1952.180000
272.648050																					1954.680000
273.276875																					1964.700000
274.860925																					1967.190000
275.567275																					1969.690000
276.180375																					1972.200000
276.526775																					1974.700000
277.075600																					1977.210000
277.193775																					1982.220000
277.413800																					1984.710000
277.628200																					1992.210000
278.014400																					1997.210000
278.086275																					1999.710000
278.122175																					2002.210000
278.358775																					2004.720000
278.801550																					2007.230000
278.994125																					2009.730000
278.998000																					2012.230000
279.327750																					2014.730000
279.835150																					2017.230000
279.910200																					2024.730000
280.201925																					2027.230000
280.251400																					2029.730000
282.420000																					2032.230000
283.336100																					2034.750000
283.517350																					2039.740000
284.668525																					2047.250000
285.324075																					2052.240000
285.663425																					2059.760000
287.189125																					2067.260000
288.093025																					2069.760000
289.729900																					2079.760000
289.750850																					2089.780000
289.777175																					2092.270000
291.437875																					2104.770000
292.618350																					2107.280000
295.294575																					2117.300000
296.048075																					2122.290000
296.233950																					
296.515625																					
298.936425																					
299.223375																					
299.471325																					
299.508475																					
299.733700																					
299.880525																					
299.981475																					
301.228450																					
301.242175																					
301.783825																					
301.854700																					
302.338225																					
302.988900																					
303.580225																					
304.603200																					
304.823200																					
305.717850																					
306.125750																					
307.676300																					
309.110100																					
309.141925																					
309.185550																					
310.117750																					
310.749825																					
310.855875																					
313.351075																					
313.653700																					
313.807500																					
313.915875																					
314.782100																					
315.684500																					
317.268325																					
317.707275																					
318.173750																					
319.296425																					
320.231850																					
321.377850																					
321.567800																					
322.170625																					
322.212775																					
322.347125																					
323.459375																					
323.467350																					
323.575625																					
324.163450																					
324.214300																					
324.989900																					
325.147725																					
325.427650																					
325.510675																					
327.715725																					
328.603975																					
330.483375																					
330.523500																					
330.709450																					
330.721725																					
330.753700																					
330.828925																					
330.932925																					
330.967625																					
331.410650																					
331.434775																					
331.595450																					
331.621025																					
331.639500																					
331.647275																					
331.929350																					
332.106000																					
332.116950																					
332.198625																					
332.216850																					
332.248075																					
332.328875																					
332.522650																					
332.524350																					
332.531025																					
332.615425																					
332.629925																					
332.665875																					
332.671400																					
332.673125																					
332.698625																					
332.716825																					
332.759575																					
333.038900																					
333.077800																					
333.284325																					
333.313800																					
333.357475																					
333.516950																					
367.227950																					
367.238300																					
367.590300																					
368.045750																					
368.207100																					
368.750400																					
369.266925																					
369.667025																					
370.015750																					
370.718050																					
370.741800																					
370.992975																					
371.404450																					
371.525975																					
373.077850																					
373.083275																					
373.108175																					
373.400975																					
373.551525																					
373.613575																					
373.742675																					
374.130275																					
374.341625																					
374.478475																					
374.520275																					
374.756475																					
374.770050																					
375.343775																					
375.377800																					
375.987325																					
376.174125																					
376.594150																					
377.156750																					
378.069225																					
378.607750																					
378.672250																					
378.849975																					
379.161550																					
379.171375																					
379.220875																					
379.960225																					
380.039300																					
380.094550																					
381.151375																					
381.186500																					
381.203925																					
381.213550																					
381.253550																					
381.281400																					
381.315475																					
381.322375																					
381.324800																					
381.371400																					
381.486850																					
381.591650																					
381.744025																					
381.967500																					
384.071075																					
385.667775																					
385.869500																					
385.887875																					
386.482000																					
387.247850																					
387.426150																					
388.113675																					
388.672400																					
389.240600																					
389.690975																					
389.907050																					
391.551100																					
392.300350																					
392.492975																					
394.033925																					
394.526750																					
395.018425																					
395.756275																					
397.400675																					
397.580400																					
397.788125																					
398.648425																					
398.681000																					
401.146550																					
402.462800																					
403.876275																					
403.979475																					
405.567700																					
406.180350																					
406.297025																					
406.984625																					
407.987275																					
408.395025																					
408.732375																					
409.667175																					
410.126800																					
410.710050																					
410.780450																					
410.886225																					
411.165975																					
411.455025																					
411.457475																					
411.479500																					
412.485225																					
412.519775																					
413.503550																					
414.758000																					
415.138725																					
415.563275																					
416.224300																					
417.498225																					
417.961300																					
418.601025																					
419.544025																					
420.495025																					
421.662750																					
421.694500																					
421.868525																					
422.343050																					
422.897725																					
423.546950																					
423.866750																					
424.712100																					
425.114650																					
425.793925																					
425.881000																					
428.167275																					
428.780550																					
428.929425																					
429.362950																					
429.442100																					
430.513600																					
434.042900																					
435.862200																					
436.237650																					
438.945575																					
441.539725																					
443.964575																					
443.977125																					
445.029975																					
445.128975																					
445.400100																					
445.548525																					
446.097450																					
446.484800																					
446.648125																					
447.670825																					
447.690200																					
448.214450																					
448.400875																					
450.352175																					
450.684850																					
450.736625																					
450.761850																					
451.688375																					
451.694825																					
452.237950																					
452.401400																					
452.648675																					
452.983050																					
453.317975																					
453.794700																					
454.533425																					
455.759875																					
455.984775																					
457.019250																					
458.010650																					
458.453700																					
459.449250																					
459.532675																					
460.246500																					
461.348275																					
461.713725																					
462.449100																					
462.634575																					
463.112200																					
463.443100																					
464.818475																					
464.958650																					
465.769150																					
465.888075																					
469.276200																					
470.115150																					
470.126525																					
470.946650																					
470.988625																					
471.742125																					
472.476800																					
472.872050																					
473.345500																					
474.410875																					
474.435650																					
474.468775																					
474.608750																					
474.903400																					
475.488350																					
475.576750																					
476.262175																					
477.904250																					
477.940000																					
477.956700																					
478.585300																					
478.608675																					
482.488500																					
484.786300																					
485.175250																					
486.555350																					
486.808125																					
487.002025																					
487.564425																					
487.565750																					
489.035925																					
489.147800																					
489.240175																					
489.262175																					
490.471850																					
491.182100																					
491.260700																					
491.315550																					
494.039225																					
495.491900																					
496.767600																					
497.616975																					
498.029100																					
498.451200																					
498.481175																					
499.305925																					
501.062250																					
502.134550																					
504.647950																					
505.459200																					
506.002500																					
506.059775																					
510.713500																					
511.257425																					
511.866775																					
512.877825																					
513.146275																					
514.189625																					
515.149550																					
515.813050																					
516.453875																					
517.091925																					
518.818625																					
518.829625																					
518.952350																					
518.956150																					
519.187050																					
521.350350																					
522.019200																					
525.915075																					
526.171900																					
527.079575																					
527.107450																					
529.193150																					
529.872250																					
533.196500																					
533.320750																					
533.337625																					
533.350750																					
533.734475																					
534.199075																					
534.204700																					
534.533625																					
534.834125																					
535.280225																					
536.593525																					
538.057925																					
538.328450																					
539.363925																					
539.992050																					
542.179600																					
542.511650																					
542.525175																					
543.613125																					
543.651525																					
544.864675																					
545.962475																					
546.303300																					
547.400975																					
548.729475																					
549.286800																					
550.078575																					
551.275925																					
554.865525																					
555.283675																					
555.432100																					
555.642325																					
555.729425																					
557.674450																					
558.816425																					
558.831075																					
560.447475																					
560.490850																					
561.858900																					
561.927150																					
562.058500																					
562.338500																					
562.410675																					
563.670650																					
564.715950																					
564.975900																					
565.056100																					
565.690425																					
565.702525																					
565.766425																					
566.496750																					
568.654025																					
568.674525																					
569.143600																					
569.533650																					
570.195375																					
570.703225																					
570.869950																					
571.855825																					
571.863725																					
571.867050																					
572.335100																					
572.558300																					
573.618875																					
573.806525																					
575.128275																					
575.556350																					
575.566850																					
575.841150																					
576.821300																					
577.790825																					
577.922200																					
578.771575																					
579.263200																					
579.829950																					
581.045350																					
581.050550																					
581.324825																					
581.611300																					
581.656400																					
581.682800																					
583.487325																					
583.682250																					
583.806950																					
584.296200																					
585.541300																					
585.567350																					
585.595575																					
587.033500																					
587.590525																					
587.607950																					
588.655000																					
588.676000																					
588.823050																					
589.287825																					
589.339075																					
589.483525																					
589.540675																					
591.042800																					
593.277300																					
593.601425																					
595.430075																					
597.318025																					
597.498275																					
597.859975																					
598.083000																					
598.680150																					
599.352500																					
601.254025																					
601.514950																					
604.511525																					
604.848875																					
606.163675																					
606.731250																					
606.890725																					
607.738375																					
607.742275																					
609.354725																					
609.391375																					
609.992925																					
611.525175																					
612.059650																					
612.791000																					
613.601600																					
613.921400																					
614.092175																					
614.280800																					
614.285625																					
614.353225																					
614.370700																					
614.421950																					
614.980675																					
616.510025																					
618.235425																					
619.066400																					
619.094050																					
619.119100																					
620.515225																					
621.777900																					
622.238300																					
622.450425																					
623.427725																					
625.029475																					
626.446175																					
627.625125																					
629.050900																					
629.078400																					
629.368600																					
629.667125																					
629.675175																					
631.073800																					
633.788200																					
634.713200																					
635.165350																					
635.177875																					
635.198700																					
635.217350																					
635.438250																					
638.236600																					
639.184075																					
639.935850																					
639.946750																					
642.621775																					
643.695425																					
644.443875																					
644.512600																					
645.863700																					
646.724975																					
647.164500																					
648.146800																					
648.892400																					
650.212325																					
650.638000																					
652.145775																					
653.196825																					
653.389625																					
655.055325																					
656.466200																					
656.501775																					
656.750725																					
657.371250																					
657.390475																					
659.968775																					
660.674825																					
661.771875																					
662.567675																					
662.742950																					
662.934725																					
663.104925																					
664.179200																					
664.182875																					
664.194975																					
664.752425																					
666.047200																					
667.641450																					
668.732000																					
669.452950																					
670.386025																					
670.514125																					
670.813450																					
671.250400																					
672.231575																					
672.398275																					
673.134000																					
673.409200																					
673.871700																					
674.329025																					
674.898325																					
675.001175																					
675.610975																					
675.621225																					
676.017275																					
677.584525																					
678.326475																					
678.343100																					
679.876225																					
679.960600																					
680.560650																					
681.637025																					
683.092225																					
686.501200																					
686.618250																					
686.644600																					
688.420700																					
688.456675																					
689.674050																					
690.330475																					
690.605325																					
690.729275																					
690.869275																					
692.875675																					
693.243525																					
693.367325																					
693.449325																					
693.500200																					
693.519975																					
693.961225																					
694.490250																					
694.895225																					
695.050325																					
695.106850																					
695.924375																					
697.718725																					
700.657350																					
700.665775																					
700.739275																					
701.093125																					
701.944875																					
702.216275																					
702.467075																					
704.144925																					
704.814200																					
704.866800																					
705.097100																					
705.566100																					
705.653425																					
705.806775																					
707.149100																					
708.655550																					
709.258350																					
709.371525																					
710.486225																					
712.179350																					
712.410950																					
712.524900																					
714.053100																					
715.526825																					
716.550050																					
717.392950																					
717.756050																					
718.925175																					
719.041200																					
719.087550																					
719.239425																					
719.832825																					
719.847800																					
719.870125																					
720.697050																					
721.063875																					
721.330475																					
723.378050																					
724.506725																					
724.894000																					
725.030000																					
728.437250																					
728.540775																					
728.744400																					
729.133800																					
729.654875																					
730.336700																					
730.384975																					
732.528175																					
732.830775																					
732.971600																					
733.457350																					
733.931825																					
734.825500																					
734.844050																					
735.294750																					
735.451450																					
735.612100																					
738.220025																					
739.417700																					
741.290550																					
741.538050																					
742.300075																					
742.578825																					
743.083275																					
744.054925																					
744.170575																					
744.752900																					
745.172700																					
745.414850																					
746.126500																					
746.691025																					
748.170650																					
748.940525																					
749.461750																					
752.177250																					
754.374800																					
754.912600																					
755.125975																					
755.345900																					
758.239375																					
758.300050																					
758.898600																					
759.487500																					
759.890850																					
760.315550																					
760.523675																					
763.314225																					
763.651350																					
764.794025																					
764.823850																					
765.811250																					
766.901450																					
767.276300																					
768.121550																					
768.243125																					
768.489925																					
768.643800																					
768.984725																					
773.572625																					
773.657425																					
773.673250																					
773.684300																					
773.769300																					
773.825375																					
774.829275																					
775.784600																					
775.797000																					
776.065925																					
777.020875																					
777.212300																					
778.165275																					
778.410325																					
779.964825																					
780.695525																					
780.937250																					
783.958725																					
785.125375																					
785.571625																					
786.136825																					
786.303725																					
786.417050																					
787.925725																					
791.032125																					
791.328600																					
791.403625																					
792.313625																					
793.103600																					
793.181725																					
794.725450																					
794.740425																					
796.344250																					
799.263625																					
800.496700																					
801.224575																					
801.359600																					
801.950100																					
803.531075																					
804.005575																					
805.306700																					
805.411250																					
805.560850																					
805.754025																					
805.780000																					
809.401150																					
810.221425																					
810.454775																					
810.651675																					
811.476875																					
811.996025																					
816.250250																					
816.416475																					
817.103675																					
817.325025																					
818.070025																					
819.985050																					
820.054525																					
820.768275																					
821.671750																					
822.165225																					
822.175825																					
822.187375																					
823.483675																					
823.627075																					
824.294525																					
824.874225																					
825.013100																					
828.112100																					
828.116650																					
828.137750																					
828.506975																					
828.595625																					
829.509775																					
829.512925																					
829.687125																					
830.008550																					
830.142825																					
830.149725																					
832.683550																					
832.842400																					
833.011250																					
834.803525																					
836.748550																					
837.125175																					
837.143650																					
837.212400																					
837.217500																					
837.783975																					
838.317500																					
838.409400																					
839.189250																					
839.875400																					
839.878950																					
841.378650																					
842.447650																					
843.705900																					
844.884325																					
847.041550																					
849.698950																					
849.987100																					
851.473625																					
852.218150																					
852.944200																					
853.511750																					
853.556600																					
854.225325																					
854.765275																					
855.457075																					
855.861925																					
856.950650																					
857.902125																					
861.482900																					
861.865100																					
861.907700																					
861.926775																					
864.026475																					
865.000725																					
866.206500																					
867.674150																					
867.845875																					
871.615675																					
872.145775																					
872.880025																					
873.072975																					
873.326950																					
873.414150																					
874.129225																					
874.153600																					
875.001950																					
876.767075																					
878.494100																					
879.690175																					
879.927825																					
880.134575																					
880.623100																					
881.805575																					
883.765800																					
884.677575																					
886.563275																					
887.599250																					
888.851375																					
890.453600																					
893.473250																					
896.777650																					
897.254950																					
897.899825																					
898.203450																					
898.697825																					
898.902800																					
899.582350																					
899.591900																					
900.796250																					
901.027225																					
903.687900																					
904.636475																					
906.813425																					
907.167650																					
907.288500																					
908.256325																					
909.235625																					
909.258025																					
909.361575																					
909.511975																					
910.511825																					
911.110325																					
911.836675																					
912.716025																					
914.762700																					
916.585425																					
918.621550																					
918.993175																					
920.421700																					
922.624950																					
924.495850																					
924.498975																					
924.718750																					
924.960925																					
926.414100																					
927.099525																					
928.551475																					
928.683350																					
929.094050																					
929.888575																					
930.104350																					
930.908300																					
932.168175																					
933.796575																					
937.870225																					
938.557175																					
939.818625																					
939.843525																					
939.906175																					
942.061400																					
942.861175																					
942.874175																					
943.490250																					
943.939200																					
946.574700																					
947.054225																					
947.082800																					
948.464250																					
948.539325																					
949.018325																					
949.493850																					
950.432575																					
951.337775																					
951.522875																					
951.552325																					
952.597100																					
952.757125																					
952.766475																					
955.644175																					
956.607250																					
958.579250																					
959.476100																					
959.641575																					
961.245675																					
961.315675																					
962.268250																					
962.580575																					
962.795550																					
963.182500																					
963.852575																					
964.086200																					
964.367425																					
965.484750																					
965.613775																					
967.785400																					
971.186650																					
971.275375																					
971.424975																					
972.729975																					
974.678000																					
977.183850																					
977.223075																					
977.322125																					
977.416375																					
977.765550																					
977.923675																					
980.233850																					
981.337450																					
982.836250																					
983.933575																					
984.466550																					
984.488800																					
984.841650																					
985.124075																					
986.408625																					
987.065775																					
987.141900																					
987.155625																					
987.166575																					
987.186000																					
987.250375																					
987.414900																					
987.446350																					
990.246150																					
990.938425																					
991.658300																					
991.964425																					
991.984925																					
992.009850																					
992.541250																					
995.111725																					
996.824750																					
997.224250																					
998.633800																					
998.764400																					
999.222375																					
999.776975																					
1000.042300																					
1000.287175																					
1000.882475																					
1001.685225																					
1002.988550																					
1003.084325																					
1003.261175																					
1003.269800																					
1003.309250																					
1003.678025																					
1004.766350																					
1004.777675																					
1007.357875																					
1008.707500																					
1008.970950																					
1009.266050																					
1009.356375																					
1010.478025																					
1010.690350																					
1010.728225																					
1012.347175																					
1012.807775																					
1013.156425																					
1016.089200																					
1016.390675																					
1016.450100																					
1017.252800																					
1018.286400																					
1018.439750																					
1018.552675																					
1021.957025																					
1022.582925																					
1023.602725																					
1024.009750																					
1024.946950																					
1025.643600																					
1026.140600																					
1026.153550																					
1026.721125																					
1026.783125																					
1027.656425																					
1027.728675																					
1028.010150																					
1028.048550																					
1029.481200																					
1029.927425																					
1029.960475																					
1030.503425																					
1030.991650																					
1031.080700																					
1031.442500																					
1031.706600																					
1032.044750																					
1032.658150																					
1032.906775																					
1032.971700																					
1032.987050																					
1033.820825																					
1035.651375																					
1036.123550																					
1036.190775																					
1036.662400																					
1036.902050																					
1038.224975																					
1040.122800																					
1040.220125																					
1040.432450																					
1041.875225																					
1042.366325																					
1042.373250																					
1042.928650																					
1042.972475																					
1043.387900																					
1043.401025																					
1043.480675																					
1043.488775																					
1043.528025																					
1043.991000																					
1047.185325																					
1047.210300																					
1048.172475																					
1048.409525																					
1051.209300																					
1052.591075																					
1054.047050																					
1055.434250																					
1057.511625																					
1057.683375																					
1057.851000																					
1058.074525																					
1058.405725																					
1060.157425																					
1060.204900																					
1063.196950																					
1063.904275																					
1065.617350																					
1066.695875																					
1067.079000																					
1067.914250																					
1068.320975																					
1068.576600																					
1068.737675																					
1069.372975																					
1069.379725																					
1070.827375																					
1071.264825																					
1075.132050																					
1077.792075																					
1078.022300																					
1078.091100																					
1079.237950																					
1079.355575																					
1080.227950																					
1080.240350																					
1084.086075																					
1085.031250																					
1085.873900																					
1086.171850																					
1086.422575																					
1086.749525																					
1088.043225																					
1091.531400																					
1094.783625																					
1095.059875																					
1096.463400																					
1096.475550																					
1097.992400																					
1099.003825																					
1099.012225																					
1100.256875																					
1100.261925																					
1101.147825																					
1101.284525																					
1101.777550																					
1101.781875																					
1102.688175																					
1103.926625																					
1104.061850																					
1105.711500																					
1106.379925																					
1106.411425																					
1108.575325																					
1109.702500																					
1111.352825																					
1111.537375																					
1111.794475																					
1111.799450																					
1111.836225																					
1112.668950																					
1114.325775																					
1114.474650																					
1115.078525																					
1115.402800																					
1115.663750																					
1116.484050																					
1116.504825																					
1119.102375																					
1121.160250																					
1121.175950																					
1121.247525																					
1121.353675																					
1123.669975																					
1124.307125																					
1124.354750																					
1125.037675																					
1125.388075																					
1125.808600																					
1126.074475																					
1126.592925																					
1127.374525																					
1127.498200																					
1127.513025																					
1132.358050																					
1132.565775																					
1134.520525																					
1134.747125																					
1135.243000																					
1135.973450																					
1137.741225																					
1137.905325																					
1139.116025																					
1139.305225																					
1140.405425																					
1140.415825																					
1140.953900																					
1141.191875																					
1141.216675																					
1141.631725																					
1143.371225																					
1144.282950																					
1144.310825																					
1144.462425																					
1146.414725																					
1146.810000																					
1148.559025																					
1148.578525																					
1148.868750																					
1149.486725																					
1150.182800																					
1151.772150																					
1152.126650																					
1152.246450																					
1154.884500																					
1155.995100																					
1158.178100																					
1159.317950																					
1159.388575																					
1160.570050																					
1160.720825																					
1161.127775																					
1161.968000																					
1163.188350																					
1163.768150																					
1164.261300																					
1164.321550																					
1164.943575																					
1165.088725																					
1167.650175																					
1167.722000																					
1169.383375																					
1171.997775																					
1172.872600																					
1173.061450																					
1173.460650																					
1174.170325																					
1174.215200																					
1175.481725																					
1176.273925																					
1176.955600																					
1176.958300																					
1177.678275																					
1178.904925																					
1178.985850																					
1179.838500																					
1180.193900																					
1180.783050																					
1181.108800																					
1182.027200																					
1182.163050																					
1186.059325																					
1188.262800																					
1188.510025																					
1188.538975																					
1190.456325																					
1190.550325																					
1190.636050																					
1191.008100																					
1191.936300																					
1191.966850																					
1192.147050																					
1192.991875																					
1193.446075																					
1193.546450																					
1194.067450																					
1194.598900																					
1195.719850																					
1195.725375																					
1196.534075																					
1197.615000																					
1198.134300																					
1199.324350																					
1199.793550																					
1199.822025																					
1201.887950																					
1203.265075																					
1204.650650																					
1204.726625																					
1205.383850																					
1206.002000																					
1206.585550																					
1206.683050																					
1208.269325																					
1208.777075																					
1209.110875																					
1209.301625																					
1209.349025																					
1209.681600																					
1210.046975																					
1211.726200																					
1212.540700																					
1213.303050																					
1213.864500																					
1214.373000																					
1214.394650																					
1214.470050																					
1215.689650																					
1215.771825																					
1216.810150																					
1218.020075																					
1219.824300																					
1219.895525																					
1220.282775																					
1222.646425																					
1222.773275																					
1222.795575																					
1223.016850																					
1223.519775																					
1223.562200																					
1223.993925																					
1224.369225																					
1225.512875																					
1226.250075																					
1226.325075																					
1226.489475																					
1227.943750																					
1228.489175																					
1229.981500																					
1232.294850																					
1232.334325																					
1233.593350																					
1233.600000																					
1233.611900																					
1233.698775																					
1233.713425																					
1233.715225																					
1233.745700																					
1233.833275																					
1233.852825																					
1234.440800																					
1234.500850																					
1234.567775																					
1234.577075																					
1234.601550																					
1234.618075																					
1234.621650																					
1234.627975																					
1234.639900																					
1234.649650																					
1234.726225																					
1234.751425																					
1234.878525																					
1234.913725																					
1235.024850																					
1235.030775																					
1235.193450																					
1235.273375																					
1235.333350																					
1235.351825																					
1235.456800																					
1235.479600																					
1235.496925																					
1235.597025																					
1235.606925																					
1235.612675																					
1235.749325																					
1235.797450																					
1235.918600																					
1236.105175																					
1236.157850																					
1236.169250																					
1236.312275																					
1236.430350																					
1236.449875																					
1236.492125																					
1236.570625																					
1236.596400																					
1236.636375																					
1236.675925																					
1236.689950																					
1236.812425																					
1236.852275																					
1236.892475																					
1236.992200																					
1237.052175																					
1237.092375																					
1237.112150																					
1237.130750																					
1237.230625																					
1237.290550																					
1237.291850																					
1237.312450																					
1237.331725																					
1237.410950																					
1237.431100																					
1237.432325																					
1237.530875																					
1237.551125																					
1237.572450																					
1237.596050																					
1237.615875																					
1237.651050																					
1237.831025																					
1237.950975																					
1237.991125																					
1238.116200																					
1238.131100																					
1238.151125																					
1238.211775																					
1238.271225																					
1238.371150																					
1238.412225																					
1238.450975																					
1238.471100																					
1238.531125																					
1238.831050																					
1238.851075																					
1238.891100																					
1238.990600																					
1239.070975																					
1239.091000																					
1239.131000																					
1239.266775																					
1239.411050																					
1239.431050																					
1239.471025																					
1239.710525																					
1239.796275																					
1239.811050																					
1239.831725																					
1239.951850																					
1239.971850																					
1240.050925																					
1240.111050																					
1240.131600																					
1240.251125																					
1240.311225																					
1240.391075																					
1240.410900																					
1240.626700																					
1240.631100																					
1240.711050																					
1240.746650																					
1240.776275																					
1240.870925																					
1241.333000																					
1275.366200																					
1275.394500																					
1275.485850																					
1275.494825																					
1275.508875																					
1275.516850																					
1275.536875																					
1275.556825																					
1275.560825																					
1275.563850																					
1275.566825																					
1275.568875																					
1275.571850																					
1275.599850																					
1275.602850																					
1275.718850																					
1275.724825																					
1275.728825																					
1275.737825																					
1276.659050																					
1277.185800																					
1277.864075																					
1277.888225																					
1279.542975																					
1280.040825																					
1280.141850																					
1280.249950																					
1281.027825																					
1281.892925																					
1283.621500																					
1284.989900																					
1286.094050																					
1287.858375																					
1288.235025																					
1289.371525																					
1289.792975																					
1291.129725																					
1291.139700																					
1291.385925																					
1291.578975																					
1292.552925																					
1294.673650																					
1295.065700																					
1295.293025																					
1295.670550																					
1296.589400																					
1298.145075																					
1298.975775																					
1300.279050																					
1300.838350																					
1300.988125																					
1301.033325																					
1303.223900																					
1303.957125																					
1305.102225																					
1305.331200																					
1305.644375																					
1306.589700																					
1309.026075																					
1310.330100																					
1310.353275																					
1311.363675																					
1311.432850																					
1312.089550																					
1314.680525																					
1315.183425																					
1315.665975																					
1316.805850																					
1317.482450																					
1317.632075																					
1319.090325																					
1320.124650																					
1322.016750																					
1323.298650																					
1324.228050																					
1324.772750																					
1325.043150																					
1325.084850																					
1327.558925																					
1329.023950																					
1329.145150																					
1329.195825																					
1331.398800																					
1331.784100																					
1332.245975																					
1333.246450																					
1333.878800																					
1336.563100																					
1336.952800																					
1337.052375																					
1337.389350																					
1338.052700																					
1338.583100																					
1340.504200																					
1340.611000																					
1341.136325																					
1341.577775																					
1342.486725																					
1342.916875																					
1342.992125																					
1344.277375																					
1380.882900																					
1383.525925																					
1384.822500																					
1385.932300																					
1386.046975																					
1386.410675																					
1386.632475																					
1395.707275																					
1395.993175																					
1396.769425																					
1396.817675																					
1397.703325																					
1398.337775																					
1399.388600																					
1399.709225																					
1401.191150																					
1401.211600																					
1402.571775																					
1407.148950																					
1407.732525																					
1408.010575																					
1408.484650																					
1408.737525																					
1409.401075																					
1409.660325																					
1411.045575																					
1414.069100																					
1414.984250																					
1416.192650																					
1417.444450																					
1418.413900																					
1418.948025																					
1420.707825																					
1420.879925																					
1423.130025																					
1423.134950																					
1423.432500																					
1423.746100																					
1424.537375																					
1424.974775																					
1425.169325																					
1426.852525																					
1427.377325																					
1428.329600																					
1430.147400																					
1431.298475																					
1432.037000																					
1432.755600																					
1432.881625																					
1432.883975																					
1432.908750																					
1436.793600																					
1439.028200																					
1439.400450																					
1439.634400																					
1443.837475																					
1444.107600																					
1444.514175																					
1446.241225																					
1447.440425																					
1450.363300																					
1452.672875																					
1454.137700																					
1454.342475																					
1455.222650																					
1459.019025																					
1459.209250																					
1459.584500																					
1460.178100																					
1460.304050																					
1460.502425																					
1460.572475																					
1461.999575																					
1464.083000																					
1465.537575																					
1466.068225																					
1466.140175																					
1468.741400																					
1468.755350																					
1468.760200																					
1469.426100																					
1469.649800																					
1469.732775																					
1470.244125																					
1472.592725																					
1475.424700																					
1476.170850																					
1478.283750																					
1481.201175																					
1483.680475																					
1484.044025																					
1484.314800																					
1485.291125																					
1485.600850																					
1485.864900																					
1486.171350																					
1486.857300																					
1487.873025																					
1489.369575																					
1489.718825																					
1490.021175																					
1491.100675																					
1491.114000																					
1491.125400																					
1494.334150																					
1495.238150																					
1495.248750																					
1495.253375																					
1495.423750																					
1495.573750																					
1495.591900																					
1495.999475																					
1496.265025																					
1496.437525																					
1496.576450																					
1497.309725																					
1497.474175																					
1497.832975																					
1499.218100																					
1500.594425																					
1500.765825																					
1501.661350																					
1505.565475																					
1506.719375																					
1507.160000																					
1507.376375																					
1508.799125																					
1509.695425																					
1510.804100																					
1511.766300																					
1511.929675																					
1512.295100																					
1512.511975																					
1512.619200																					
1513.236875																					
1513.608275																					
1513.639650																					
1514.033550																					
1514.634125																					
1514.637200																					
1514.643650																					
1516.516375																					
1516.890350																					
1517.881325																					
1518.527000																					
1518.990675																					
1518.994825																					
1520.932250																					
1521.865925																					
1524.893550																					
1526.288125																					
1528.271150																					
1528.502250																					
1528.998625																					
1529.612800																					
1529.929525																					
1530.384325																					
1539.626325																					
1541.220625																					
1542.691925																					
1542.980175																					
1542.982000																					
1543.308950																					
1546.399200																					
1546.545650																					
1548.910875																					
1549.160400																					
1551.106575																					
1552.375975																					
1555.393325																					
1556.350075																					
1557.700375																					
1562.231175																					
1565.652125																					
1566.442625																					
1571.282350																					
1572.801950																					
1575.709200																					
1578.184900																					
1580.605675																					
1582.765225																					
1583.082300																					
1591.188000																					
1591.575175																					
1600.529750																					
1610.554050																					
1614.672950																					
1615.025125																					
1618.198475																					
1620.104100																					
1621.799600																					
1625.687275																					
1630.473975																					
1633.985925																					
1637.351875																					
1655.455325																					
1661.858025																					
1668.786200																					
1669.885375																					
1671.699000																					
1671.867600																					
1671.930400																					
1671.983450																					
1672.750200																					
1674.024200																					
1675.357750																					
1679.424575																					
1682.943700																					
1683.917875																					
1684.058975																					
1686.754050																					
1693.792475																					
1693.857075																					
1694.712075																					
1706.121850																					
1709.756550																					
1711.216125																					
1711.219475																					
1717.238525																					
1724.496275																					
1740.423900																					
1755.454050																					
1760.989800																					
1761.695150																					
1763.891250																					
1787.186750																					
1810.779850																					
1838.478600																					
1845.160275																					
1845.893375																					
1846.720075																					
1857.905250																					
1870.764750																					
1871.781400																					
1874.624650																					
1883.252975																					
1886.237800																					
1889.950425																					
1890.733975																					
1895.926075																					
1895.942000																					
1906.077100																					
1989.933925																					
1989.946250																					
1990.339750																					
2001.561325																					
2008.645675																					
2021.415950																					
2021.831150																					
2021.834725																					
2041.951975																					
2083.238075																					
2099.853050																					
2116.242375																					
2127.910500																					
2127.984325																					
2128.081825																					
2128.087075																					
2128.101750																					
2128.108300																					
2128.115100																					
2128.161800																					
2128.202100																					
2128.237550																					
2128.487825																					
2128.770875																					
2128.797075																					
2128.837550																					
2128.845075																					
2128.856925																					
2128.874050																					
2129.193800																					
2129.661175																					
2129.713350																					
2129.721425																					
2129.740800																					
2129.767150																					
2129.833750																					
2129.840850																					
2129.860850																					
2129.990850																					
2130.105125																					
2130.297350																					
2130.378300																					
2132.167600																					
2132.472050																					
2132.512650																					
2133.061150																					
2133.340800																					
2133.468150																					
2133.513750																					
2133.553200																					
2133.567625																					
2133.569375																					
2133.581350																					
2133.587575																					
2133.653850																					
2133.707725																					
2133.720900																					
2133.735500																					
2136.068925																					
2136.459825																					
2138.572800																					
2186.437375																					
2197.061500																					
2224.194550																					
2224.880075																					
2227.964900																					
2229.603275																					
2235.948700																					
2238.610225																					
2238.823975																					
2242.269675																					
2255.955025																					
2261.780900																					
2281.837125																					
2286.337750																					
2288.556775																					
2296.274800																					